/*108382,-16.48 ,  -200.42 ,  -217.41 ,  -176.10 ,  -155.97 ,  -108.33 ,  -139.61 ,  -164.52 ,  -164.35 ,  -132.87 ,  */
/*108384,29.45 ,  -192.36 ,  -239.17 ,  -182.54 ,  -150.33 ,  -117.20 ,  -157.34 ,  -160.49 ,  -129.70 ,  -147.38 ,  */
/*108385,-21.32 ,  -189.14 ,  -216.61 ,  -172.07 ,  -147.91 ,  -110.75 ,  -122.68 ,  -158.07 ,  -147.42 ,  -115.95 ,  */
/*108387,-14.87 ,  -191.55 ,  -203.71 ,  -180.93 ,  -124.54 ,  -95.44 ,  -145.25 ,  -152.43 ,  -136.14 ,  -137.71 ,  */
/*108388,8.50 ,  -182.69 ,  -207.74 ,  -191.41 ,  -144.68 ,  -122.03 ,  -130.74 ,  -138.73 ,  -140.17 ,  -119.17 ,  */
/*108390,2.86 ,  -156.90 ,  -219.03 ,  -164.81 ,  -141.46 ,  -105.11 ,  -99.31 ,  -146.79 ,  -139.37 ,  -119.98 ,  */
/*108391,2.86 ,  -189.94 ,  -211.77 ,  -136.61 ,  -156.77 ,  -101.88 ,  -142.83 ,  -150.82 ,  -133.72 ,  -123.20 ,  */
/*108393,14.95 ,  -175.44 ,  -211.77 ,  -185.77 ,  -109.23 ,  -107.53 ,  -135.58 ,  -166.93 ,  -140.98 ,  -128.04 ,  */
/*108394,-3.59 ,  -178.66 ,  -205.33 ,  -180.13 ,  -127.76 ,  -74.49 ,  -148.47 ,  -157.26 ,  -137.75 ,  -110.31 ,  */
/*108396,7.70 ,  -179.47 ,  -200.49 ,  -174.49 ,  -151.13 ,  -108.33 ,  -146.05 ,  -118.58 ,  -136.95 ,  -133.68 ,  */
/*108397,6.08 ,  -183.49 ,  -185.18 ,  -188.99 ,  -156.77 ,  -117.20 ,  -142.83 ,  -154.85 ,  -145.01 ,  -96.61 ,  */
/*108399,-5.20 ,  -191.55 ,  -220.64 ,  -182.54 ,  -139.85 ,  -115.58 ,  -150.89 ,  -137.92 ,  -167.57 ,  -120.78 ,  */
/*108401,6.08 ,  -184.30 ,  -219.83 ,  -180.93 ,  -160.00 ,  -120.42 ,  -154.92 ,  -172.58 ,  -127.28 ,  -136.09 ,  */
/*108402,7.70 ,  -201.22 ,  -219.83 ,  -198.66 ,  -154.35 ,  -129.28 ,  -158.14 ,  -134.70 ,  -149.04 ,  -131.26 ,  */
/*108404,10.92 ,  -190.75 ,  -216.61 ,  -190.60 ,  -124.54 ,  -87.38 ,  -129.13 ,  -154.85 ,  -151.45 ,  -124.01 ,  */
/*108405,31.07 ,  -195.58 ,  -224.67 ,  -193.02 ,  -150.33 ,  -126.87 ,  -135.58 ,  -150.82 ,  -145.81 ,  -123.20 ,  */
/*108407,3.67 ,  -188.33 ,  -215.80 ,  -182.54 ,  -156.77 ,  -81.74 ,  -169.42 ,  -161.29 ,  -155.48 ,  -111.11 ,  */
/*108408,3.67 ,  -189.94 ,  -220.64 ,  -184.96 ,  -138.24 ,  -113.17 ,  -145.25 ,  -169.35 ,  -145.81 ,  -123.20 ,  */
/*108410,-10.03 ,  -144.01 ,  -215.00 ,  -180.13 ,  -139.85 ,  -112.36 ,  -136.38 ,  -129.06 ,  -150.65 ,  -140.12 ,  */
/*108411,33.48 ,  -192.36 ,  -232.72 ,  -177.71 ,  -121.31 ,  -102.69 ,  -143.64 ,  -169.35 ,  -150.65 ,  -140.93 ,  */
/*108413,2.05 ,  -183.49 ,  -220.64 ,  -153.53 ,  -169.67 ,  -114.78 ,  -151.70 ,  -173.38 ,  -150.65 ,  -143.35 ,  */
/*108414,-4.39 ,  -179.47 ,  -228.70 ,  -184.96 ,  -141.46 ,  -134.93 ,  -133.16 ,  -162.90 ,  -147.42 ,  -132.06 ,  */
/*108416,-2.78 ,  -201.22 ,  -223.05 ,  -161.59 ,  -174.50 ,  -129.28 ,  -153.31 ,  -154.85 ,  -149.84 ,  -154.63 ,  */
/*108417,-7.62 ,  -206.06 ,  -219.83 ,  -204.30 ,  -156.77 ,  -128.48 ,  -148.47 ,  -157.26 ,  -165.96 ,  -93.38 ,  */
/*108419,-10.03 ,  -185.91 ,  -190.01 ,  -199.47 ,  -146.30 ,  -129.28 ,  -146.86 ,  -154.04 ,  -169.18 ,  -109.50 ,  */
/*108420,-6.00 ,  -160.12 ,  -227.89 ,  -176.10 ,  -149.52 ,  -105.11 ,  -133.16 ,  -158.07 ,  -157.90 ,  -128.04 ,  */
/*108422,0.44 ,  -131.92 ,  -224.67 ,  -174.49 ,  -151.13 ,  -105.11 ,  -108.98 ,  -160.49 ,  -144.20 ,  -124.01 ,  */
/*108423,-8.42 ,  -189.94 ,  -211.77 ,  -184.16 ,  -133.40 ,  -114.78 ,  -148.47 ,  -173.38 ,  -129.70 ,  -114.34 ,  */
/*108425,10.11 ,  -174.63 ,  -203.71 ,  -182.54 ,  -160.00 ,  -123.64 ,  -117.04 ,  -157.26 ,  -150.65 ,  -143.35 ,  */
/*108426,-13.26 ,  -194.78 ,  -195.66 ,  -174.49 ,  -157.58 ,  -109.94 ,  -143.64 ,  -158.07 ,  -154.68 ,  -136.90 ,  */
/*108428,-1.17 ,  -185.11 ,  -216.61 ,  -193.02 ,  -101.17 ,  -108.33 ,  -163.78 ,  -147.59 ,  -145.81 ,  -134.48 ,  */
/*108430,13.34 ,  -191.55 ,  -211.77 ,  -180.13 ,  -141.46 ,  -113.17 ,  -158.14 ,  -137.92 ,  -136.95 ,  -121.59 ,  */
/*108431,-4.39 ,  -189.14 ,  -219.83 ,  -178.51 ,  -139.04 ,  -112.36 ,  -155.72 ,  -150.01 ,  -154.68 ,  -129.65 ,  */
/*108433,26.23 ,  -191.55 ,  -223.05 ,  -179.32 ,  -158.38 ,  -118.00 ,  -163.78 ,  -134.70 ,  -152.26 ,  -128.04 ,  */
/*108434,2.05 ,  -186.72 ,  -232.72 ,  -181.74 ,  -147.10 ,  -106.72 ,  -146.86 ,  -162.10 ,  -150.65 ,  -114.34 ,  */
/*108436,0.44 ,  -189.14 ,  -194.85 ,  -201.88 ,  -152.74 ,  -120.42 ,  -150.08 ,  -154.85 ,  -153.87 ,  -96.61 ,  */
/*108437,0.44 ,  -201.22 ,  -178.73 ,  -196.24 ,  -156.77 ,  -97.86 ,  -150.89 ,  -145.18 ,  -153.07 ,  -123.20 ,  */