/*445067,-16.50 ,  -128.82 ,  -256.64 ,  -215.23 ,  -208.85 ,  -169.07 ,  -176.68 ,  -209.81 ,  -210.77 ,  -134.96 ,  */
/*445068,-18.11 ,  -119.15 ,  -239.72 ,  -274.06 ,  -169.36 ,  -170.68 ,  -195.21 ,  -193.69 ,  -194.66 ,  -180.09 ,  */
/*445070,-10.85 ,  -122.38 ,  -233.27 ,  -226.51 ,  -197.56 ,  -136.03 ,  -181.51 ,  -211.42 ,  -197.07 ,  -178.47 ,  */
/*445071,-3.60 ,  -109.48 ,  -247.78 ,  -218.45 ,  -183.87 ,  -182.77 ,  -166.20 ,  -211.42 ,  -184.18 ,  -177.67 ,  */
/*445073,-11.66 ,  -128.82 ,  -221.18 ,  -232.96 ,  -195.15 ,  -162.62 ,  -178.29 ,  -204.97 ,  -216.41 ,  -166.39 ,  */
/*445075,17.35 ,  -132.85 ,  -232.47 ,  -224.09 ,  -194.34 ,  -168.26 ,  -194.41 ,  -204.16 ,  -166.45 ,  -164.77 ,  */
/*445076,27.02 ,  -129.63 ,  -252.61 ,  -228.12 ,  -195.15 ,  -172.29 ,  -179.09 ,  -248.49 ,  -189.82 ,  -184.11 ,  */
/*445078,-15.69 ,  -130.44 ,  -217.16 ,  -187.02 ,  -189.51 ,  -164.23 ,  -185.54 ,  -209.81 ,  -195.46 ,  -146.24 ,  */
/*445079,-13.27 ,  -127.21 ,  -208.29 ,  -218.45 ,  -190.31 ,  -172.29 ,  -193.60 ,  -200.14 ,  -164.03 ,  -184.92 ,  */
/*445081,-8.44 ,  -127.21 ,  -237.30 ,  -226.51 ,  -202.40 ,  -167.46 ,  -179.09 ,  -177.57 ,  -201.10 ,  -138.99 ,  */
/*445082,-14.08 ,  -144.14 ,  -227.63 ,  -223.29 ,  -202.40 ,  -172.29 ,  -184.74 ,  -177.57 ,  -217.22 ,  -171.22 ,  */
/*445084,-14.08 ,  -122.38 ,  -239.72 ,  -207.17 ,  -194.34 ,  -180.35 ,  -168.62 ,  -192.88 ,  -212.38 ,  -163.97 ,  */
/*445085,-9.24 ,  -111.10 ,  -210.71 ,  -228.93 ,  -195.15 ,  -167.46 ,  -167.01 ,  -201.75 ,  -226.08 ,  -169.61 ,  */
/*445087,2.04 ,  -83.70 ,  -220.38 ,  -224.90 ,  -183.87 ,  -177.13 ,  -168.62 ,  -215.45 ,  -174.51 ,  -164.77 ,  */
/*445088,-8.44 ,  -120.77 ,  -237.30 ,  -226.51 ,  -197.56 ,  -154.56 ,  -184.74 ,  -205.78 ,  -180.96 ,  -180.09 ,  */
/*445090,-8.44 ,  -126.41 ,  -233.27 ,  -220.06 ,  -205.62 ,  -170.68 ,  -160.56 ,  -196.91 ,  -205.94 ,  -176.86 ,  */
/*445091,-6.02 ,  -158.64 ,  -238.11 ,  -235.38 ,  -198.37 ,  -173.90 ,  -221.00 ,  -184.02 ,  -209.16 ,  -174.44 ,  */
/*445093,-13.27 ,  -125.60 ,  -252.61 ,  -228.12 ,  -194.34 ,  -177.93 ,  -212.94 ,  -166.29 ,  -194.66 ,  -168.80 ,  */
/*445095,13.32 ,  -127.21 ,  -240.53 ,  -218.45 ,  -194.34 ,  -175.52 ,  -187.96 ,  -203.36 ,  -210.77 ,  -179.28 ,  */
/*445096,22.19 ,  -132.85 ,  -242.14 ,  -222.48 ,  -199.98 ,  -164.23 ,  -215.36 ,  -194.49 ,  -204.33 ,  -160.75 ,  */
/*445098,-18.91 ,  -119.96 ,  -241.33 ,  -226.51 ,  -188.70 ,  -172.29 ,  -226.64 ,  -190.47 ,  -205.13 ,  -163.97 ,  */
/*445099,2.84 ,  -142.52 ,  -242.94 ,  -223.29 ,  -191.92 ,  -161.01 ,  -179.09 ,  -180.80 ,  -206.74 ,  -161.55 ,  */
/*445101,-18.91 ,  -129.63 ,  -220.38 ,  -221.68 ,  -178.22 ,  -166.65 ,  -179.90 ,  -213.84 ,  -187.40 ,  -184.11 ,  */
/*445102,4.46 ,  -121.57 ,  -236.50 ,  -223.29 ,  -190.31 ,  -142.48 ,  -188.76 ,  -207.39 ,  -195.46 ,  -185.73 ,  */
/*445104,-8.44 ,  -134.47 ,  -238.11 ,  -216.04 ,  -168.55 ,  -161.82 ,  -158.95 ,  -208.19 ,  -190.63 ,  -172.83 ,  */
/*445105,35.08 ,  -128.82 ,  -252.61 ,  -218.45 ,  -199.98 ,  -164.23 ,  -178.29 ,  -222.70 ,  -189.82 ,  -181.70 ,  */
/*445107,-10.05 ,  -124.80 ,  -225.21 ,  -247.46 ,  -159.69 ,  -165.85 ,  -191.18 ,  -204.16 ,  -189.82 ,  -172.83 ,  */
/*445108,-6.83 ,  -132.85 ,  -230.05 ,  -232.96 ,  -223.35 ,  -142.48 ,  -172.65 ,  -213.84 ,  -207.55 ,  -175.25 ,  */
/*445110,-14.08 ,  -132.05 ,  -244.55 ,  -228.12 ,  -213.68 ,  -140.06 ,  -194.41 ,  -214.64 ,  -190.63 ,  -169.61 ,  */
/*445111,-13.27 ,  -136.08 ,  -239.72 ,  -236.99 ,  -197.56 ,  -175.52 ,  -216.16 ,  -178.38 ,  -205.13 ,  -184.11 ,  */
/*445113,5.26 ,  -128.82 ,  -246.17 ,  -231.35 ,  -193.54 ,  -177.13 ,  -181.51 ,  -245.26 ,  -193.04 ,  -180.09 ,  */
/*445115,-18.91 ,  -129.63 ,  -226.83 ,  -222.48 ,  -163.72 ,  -194.05 ,  -175.07 ,  -207.39 ,  -193.04 ,  -159.13 ,  */
/*445116,-15.69 ,  -119.96 ,  -230.85 ,  -207.17 ,  -196.76 ,  -162.62 ,  -188.76 ,  -177.57 ,  -198.68 ,  -172.83 ,  */
/*445118,-16.50 ,  -123.99 ,  -228.44 ,  -220.06 ,  -194.34 ,  -183.58 ,  -185.54 ,  -217.06 ,  -197.07 ,  -179.28 ,  */
/*445119,-3.60 ,  -125.60 ,  -237.30 ,  -245.05 ,  -201.59 ,  -169.07 ,  -186.35 ,  -213.84 ,  -202.71 ,  -176.06 ,  */
/*445121,-17.30 ,  -140.11 ,  -244.55 ,  -202.34 ,  -210.46 ,  -177.13 ,  -196.82 ,  -203.36 ,  -197.88 ,  -172.03 ,  */
/*445122,-6.83 ,  -121.57 ,  -234.88 ,  -236.18 ,  -184.67 ,  -193.25 ,  -184.74 ,  -201.75 ,  -197.07 ,  -171.22 ,  */