/*94795,-116.51 ,  -269.59 ,  -254.15 ,  -157.50 ,  -29.53 ,  -132.31 ,  -153.07 ,  -67.07 ,  -117.40 ,  -81.41 ,  */
/*94796,-106.04 ,  -283.29 ,  -268.66 ,  -196.98 ,  -35.98 ,  -144.40 ,  -153.07 ,  -69.49 ,  -49.71 ,  -123.31 ,  */
/*94798,-123.76 ,  -251.86 ,  -292.83 ,  -214.71 ,  -19.86 ,  -151.65 ,  -149.04 ,  -59.82 ,  -96.45 ,  -109.61 ,  */
/*94799,-110.06 ,  -280.87 ,  -302.50 ,  -219.55 ,  0.28 ,  -140.37 ,  -131.32 ,  -63.85 ,  -87.58 ,  -103.97 ,  */
/*94801,-106.84 ,  -242.19 ,  -296.06 ,  -235.67 ,  1.09 ,  -150.85 ,  -155.49 ,  -85.61 ,  -91.61 ,  -118.48 ,  */
/*94802,-120.54 ,  -248.64 ,  -273.49 ,  -266.29 ,  -23.89 ,  -146.82 ,  -166.77 ,  -67.07 ,  -91.61 ,  -108.00 ,  */
/*94804,-122.15 ,  -268.79 ,  -260.60 ,  -245.34 ,  -20.67 ,  -147.63 ,  -170.80 ,  -65.46 ,  -65.82 ,  -129.76 ,  */
/*94805,-121.35 ,  -229.30 ,  -292.03 ,  -227.61 ,  -38.40 ,  -147.63 ,  -150.66 ,  -60.63 ,  -90.80 ,  -107.20 ,  */
/*94807,-132.63 ,  -213.18 ,  -266.24 ,  -205.04 ,  -23.89 ,  -146.01 ,  -183.70 ,  -71.10 ,  -98.86 ,  -107.20 ,  */
/*94808,-150.36 ,  -275.23 ,  -234.01 ,  -198.60 ,  -23.09 ,  -141.98 ,  -165.97 ,  -63.85 ,  -91.61 ,  -105.58 ,  */
/*94810,-135.85 ,  -191.42 ,  -294.45 ,  -186.51 ,  -22.28 ,  -143.60 ,  -149.85 ,  -83.19 ,  -81.94 ,  -107.20 ,  */
/*94811,-133.43 ,  -225.27 ,  -273.49 ,  -192.96 ,  -22.28 ,  -145.21 ,  -164.36 ,  -68.68 ,  -84.36 ,  -115.25 ,  */
/*94813,-137.46 ,  -284.10 ,  -244.48 ,  -195.37 ,  -25.51 ,  -140.37 ,  -139.37 ,  -78.35 ,  -69.05 ,  -98.33 ,  */
/*94814,-129.41 ,  -263.95 ,  -256.57 ,  -218.74 ,  -23.09 ,  -160.52 ,  -140.99 ,  -59.01 ,  -82.75 ,  -91.88 ,  */
/*94816,-132.63 ,  -248.64 ,  -268.66 ,  -192.15 ,  5.92 ,  -148.43 ,  -134.54 ,  -59.82 ,  -85.16 ,  -106.39 ,  */
/*94818,-116.51 ,  -289.74 ,  -303.31 ,  -203.43 ,  -16.64 ,  -101.69 ,  -151.46 ,  -66.27 ,  -87.58 ,  -98.33 ,  */
/*94819,-107.65 ,  -284.10 ,  -292.83 ,  -198.60 ,  15.59 ,  -146.01 ,  -141.79 ,  -55.79 ,  -82.75 ,  -96.72 ,  */
/*94821,-113.29 ,  -312.30 ,  -293.64 ,  -160.72 ,  -17.45 ,  -103.30 ,  -128.90 ,  -50.95 ,  -84.36 ,  -96.72 ,  */
/*94822,-131.82 ,  -323.59 ,  -234.01 ,  -161.53 ,  -10.19 ,  -115.39 ,  -132.93 ,  -66.27 ,  -85.97 ,  -118.48 ,  */
/*94824,-135.05 ,  -251.06 ,  -271.08 ,  -156.69 ,  -0.52 ,  -123.45 ,  -160.33 ,  -68.68 ,  -79.52 ,  -120.09 ,  */
/*94825,-117.32 ,  -280.87 ,  -285.58 ,  -198.60 ,  -31.95 ,  -137.15 ,  -165.16 ,  -54.98 ,  -85.16 ,  -104.78 ,  */
/*94827,-119.74 ,  -203.51 ,  -263.02 ,  -228.41 ,  -35.18 ,  -138.76 ,  -157.91 ,  -76.74 ,  -74.69 ,  -118.48 ,  */
/*94828,-119.74 ,  -246.22 ,  -280.75 ,  -214.71 ,  -13.42 ,  -104.91 ,  -182.08 ,  -68.68 ,  -93.22 ,  -104.78 ,  */
/*94830,-125.38 ,  -300.22 ,  -273.49 ,  -156.69 ,  -25.51 ,  -154.07 ,  -186.92 ,  -84.80 ,  -44.87 ,  -100.75 ,  */
/*94831,-114.90 ,  -264.76 ,  -275.91 ,  -168.78 ,  -22.28 ,  -191.95 ,  -177.25 ,  -75.13 ,  -76.30 ,  -124.12 ,  */
/*94833,-115.71 ,  -261.53 ,  -291.22 ,  -163.14 ,  -46.46 ,  -158.10 ,  -182.89 ,  -71.10 ,  -83.55 ,  -126.54 ,  */
/*94834,-143.10 ,  -281.68 ,  -291.22 ,  -235.67 ,  -26.31 ,  -154.88 ,  -158.71 ,  -66.27 ,  -90.80 ,  -101.55 ,  */
/*94836,-125.38 ,  -254.28 ,  -267.85 ,  -226.00 ,  -19.86 ,  -146.82 ,  -120.03 ,  -71.10 ,  -82.75 ,  -124.92 ,  */
/*94837,-119.74 ,  -259.92 ,  -255.76 ,  -270.32 ,  -20.67 ,  -102.50 ,  -131.32 ,  -60.63 ,  -80.33 ,  -110.42 ,  */
/*94839,-119.74 ,  -288.13 ,  -243.68 ,  -257.42 ,  -19.86 ,  -150.85 ,  -124.87 ,  -61.43 ,  -103.70 ,  -81.41 ,  */
/*94840,-132.63 ,  -261.53 ,  -259.79 ,  -177.64 ,  -57.74 ,  -118.61 ,  -151.46 ,  -52.57 ,  -90.00 ,  -99.94 ,  */
/*94842,-127.79 ,  -246.22 ,  -244.48 ,  -189.73 ,  -19.86 ,  -154.07 ,  -142.60 ,  -73.52 ,  -78.72 ,  -107.20 ,  */
/*94843,-109.26 ,  -281.68 ,  -247.71 ,  -196.18 ,  -12.61 ,  -142.79 ,  -178.86 ,  -55.79 ,  -97.25 ,  -86.24 ,  */
/*94845,-125.38 ,  -285.71 ,  -273.49 ,  -244.53 ,  -19.86 ,  -141.18 ,  -132.93 ,  -79.97 ,  -76.30 ,  -103.97 ,  */
/*94846,-126.18 ,  -264.76 ,  -263.02 ,  -234.05 ,  -21.48 ,  -156.49 ,  -137.76 ,  -73.52 ,  -99.67 ,  -117.67 ,  */
/*94848,-126.18 ,  -236.55 ,  -271.88 ,  -238.89 ,  -23.89 ,  -154.07 ,  -132.93 ,  -110.59 ,  -75.49 ,  -116.87 ,  */
/*94849,-128.60 ,  -287.32 ,  -313.79 ,  -209.07 ,  -41.62 ,  -148.43 ,  -149.85 ,  -67.07 ,  -93.22 ,  -122.51 ,  */
/*94851,-141.49 ,  -261.53 ,  -271.88 ,  -179.26 ,  -28.73 ,  -137.15 ,  -150.66 ,  -71.91 ,  -101.28 ,  -113.64 ,  */
/*94852,-141.49 ,  -280.07 ,  -299.28 ,  -172.00 ,  -1.33 ,  -104.91 ,  -174.83 ,  -67.07 ,  -90.00 ,  -99.94 ,  */
/*94854,-138.27 ,  -291.35 ,  -283.97 ,  -193.76 ,  -17.45 ,  -129.09 ,  -182.08 ,  -57.40 ,  -72.27 ,  -96.72 ,  */
/*94855,-126.18 ,  -273.62 ,  -282.36 ,  -192.96 ,  -10.19 ,  -136.34 ,  -172.41 ,  -54.18 ,  -103.70 ,  -84.63 ,  */
/*94857,-139.08 ,  -229.30 ,  -260.60 ,  -180.87 ,  -19.86 ,  -124.26 ,  -155.49 ,  -71.91 ,  -56.15 ,  -112.03 ,  */
/*94858,-139.08 ,  -194.65 ,  -249.32 ,  -209.07 ,  -20.67 ,  -119.42 ,  -184.50 ,  -32.42 ,  -91.61 ,  -99.94 ,  */
/*94860,-120.54 ,  -187.39 ,  -267.85 ,  -208.27 ,  -38.40 ,  -108.94 ,  -149.04 ,  -55.79 ,  -85.16 ,  -100.75 ,  */
/*94861,-118.12 ,  -255.89 ,  -252.54 ,  -226.80 ,  2.70 ,  -132.31 ,  -155.49 ,  -60.63 ,  -90.00 ,  -108.00 ,  */
/*94863,-112.48 ,  -276.85 ,  -279.94 ,  -217.13 ,  -19.86 ,  -119.42 ,  -157.10 ,  -58.21 ,  -68.24 ,  -105.58 ,  */
/*94864,-126.18 ,  -267.18 ,  -292.83 ,  -201.82 ,  -23.09 ,  -127.48 ,  -145.01 ,  -82.38 ,  -67.43 ,  -110.42 ,  */
/*94866,-122.15 ,  -278.46 ,  -319.43 ,  -187.31 ,  -13.42 ,  -90.41 ,  -125.67 ,  -67.07 ,  -98.06 ,  -104.78 ,  */
/*94867,-118.12 ,  -286.52 ,  -286.39 ,  -203.43 ,  -27.12 ,  -142.79 ,  -131.32 ,  -61.43 ,  -85.16 ,  -98.33 ,  */
/*94869,-119.74 ,  -332.45 ,  -292.83 ,  -215.52 ,  -27.12 ,  -137.96 ,  -107.14 ,  -69.49 ,  -87.58 ,  -120.90 ,  */
/*94871,-119.74 ,  -339.70 ,  -302.50 ,  -213.91 ,  -15.84 ,  -129.09 ,  -164.36 ,  -92.05 ,  -77.91 ,  -93.50 ,  */
/*94872,-131.02 ,  -238.16 ,  -333.13 ,  -226.00 ,  1.09 ,  -145.21 ,  -145.82 ,  -76.74 ,  -89.19 ,  -123.31 ,  */
/*94873,-144.72 ,  -292.16 ,  -279.94 ,  -203.43 ,  -30.34 ,  -129.90 ,  -157.91 ,  -69.49 ,  -82.75 ,  -112.84 ,  */
/*94875,-131.02 ,  -252.67 ,  -279.13 ,  -180.06 ,  -23.89 ,  -152.46 ,  -165.97 ,  -60.63 ,  -129.49 ,  -81.41 ,  */
/*94877,-132.63 ,  -309.89 ,  -289.61 ,  -205.85 ,  -45.65 ,  -166.97 ,  -182.89 ,  -46.93 ,  -100.47 ,  -108.00 ,  */
/*94878,-131.82 ,  -343.73 ,  -304.12 ,  -138.16 ,  -44.85 ,  -158.91 ,  -170.00 ,  -59.01 ,  -93.22 ,  -119.28 ,  */
/*94880,-139.08 ,  -272.01 ,  -256.57 ,  -105.92 ,  -22.28 ,  -149.24 ,  -167.58 ,  -83.19 ,  -98.06 ,  -103.17 ,  */
/*94881,-120.54 ,  -341.31 ,  -285.58 ,  -143.80 ,  -26.31 ,  -152.46 ,  -150.66 ,  -43.70 ,  -96.45 ,  -99.94 ,  */
/*94883,-136.66 ,  -258.31 ,  -333.93 ,  -176.03 ,  -17.45 ,  -133.12 ,  -164.36 ,  -51.76 ,  -85.16 ,  -120.09 ,  */
/*94884,-129.41 ,  -278.46 ,  -323.46 ,  -199.40 ,  -25.51 ,  -127.48 ,  -140.99 ,  -67.88 ,  -77.11 ,  -106.39 ,  */
/*94886,-116.51 ,  -270.40 ,  -291.22 ,  -230.83 ,  -26.31 ,  -125.06 ,  -142.60 ,  -42.90 ,  -94.03 ,  -95.11 ,  */
/*94887,-118.93 ,  -224.46 ,  -286.39 ,  -227.61 ,  -17.45 ,  -133.93 ,  -150.66 ,  -75.94 ,  -95.64 ,  -112.84 ,  */
/*94889,-124.57 ,  -287.32 ,  -279.13 ,  -211.49 ,  -0.52 ,  -169.38 ,  -142.60 ,  -72.71 ,  -81.94 ,  -109.61 ,  */
/*94890,-143.10 ,  -297.80 ,  -254.15 ,  -209.07 ,  -39.20 ,  -124.26 ,  -145.01 ,  -67.07 ,  -94.03 ,  -126.54 ,  */
/*94892,-135.85 ,  -246.22 ,  -245.29 ,  -222.77 ,  -25.51 ,  -107.33 ,  -148.24 ,  -63.85 ,  -98.06 ,  -112.84 ,  */
/*94893,-150.36 ,  -288.13 ,  -246.90 ,  -213.91 ,  -18.25 ,  -140.37 ,  -145.01 ,  -88.02 ,  -62.60 ,  -102.36 ,  */