/*181684,-242.20 ,  -471.84 ,  -252.39 ,  -186.99 ,  -2.70 ,  -136.11 ,  -154.44 ,  -59.75 ,  -77.10 ,  -117.88 ,  */
/*181685,-248.65 ,  -480.70 ,  -227.41 ,  -182.96 ,  -14.79 ,  -140.94 ,  -163.31 ,  -85.54 ,  -70.66 ,  -127.55 ,  */
/*181687,-256.71 ,  -462.17 ,  -255.61 ,  -182.16 ,  13.42 ,  -160.29 ,  -151.22 ,  -72.65 ,  -98.06 ,  -113.85 ,  */
/*181689,-255.90 ,  -495.21 ,  -244.33 ,  -143.48 ,  -34.13 ,  -141.75 ,  -160.89 ,  -62.98 ,  -83.55 ,  -114.66 ,  */
/*181690,-242.20 ,  -483.93 ,  -250.78 ,  -193.44 ,  -10.76 ,  -149.81 ,  -176.20 ,  -58.95 ,  -110.14 ,  -97.73 ,  */
/*181692,-263.15 ,  -467.00 ,  -277.37 ,  -185.38 ,  -28.49 ,  -150.62 ,  -160.08 ,  -67.81 ,  -95.64 ,  -129.97 ,  */
/*181693,-263.15 ,  -491.99 ,  -275.76 ,  -174.90 ,  -9.15 ,  -163.51 ,  -168.14 ,  -81.51 ,  -102.09 ,  -117.08 ,  */
/*181695,-245.43 ,  -478.29 ,  -272.53 ,  -183.77 ,  20.67 ,  -145.78 ,  -123.01 ,  -58.95 ,  -99.67 ,  -129.97 ,  */
/*181696,-238.98 ,  -481.51 ,  -254.00 ,  -184.57 ,  -27.68 ,  -154.64 ,  -168.14 ,  -62.98 ,  -99.67 ,  -97.73 ,  */
/*181698,-241.40 ,  -438.80 ,  -268.50 ,  -188.60 ,  -10.76 ,  -131.27 ,  -156.06 ,  -62.17 ,  -84.36 ,  -128.36 ,  */
/*181699,-249.45 ,  -448.47 ,  -262.06 ,  -177.32 ,  -18.01 ,  -124.83 ,  -125.43 ,  -53.31 ,  -98.86 ,  -111.43 ,  */
/*181701,-245.43 ,  -478.29 ,  -254.00 ,  -152.34 ,  -15.59 ,  -153.03 ,  -139.94 ,  -48.47 ,  -97.25 ,  -71.95 ,  */
/*181702,-211.58 ,  -478.29 ,  -242.72 ,  -175.71 ,  -21.23 ,  -142.56 ,  -154.44 ,  -32.36 ,  -76.30 ,  -101.76 ,  */
/*181704,-237.37 ,  -467.81 ,  -250.78 ,  -190.22 ,  -13.98 ,  -148.20 ,  -139.94 ,  -48.47 ,  -82.75 ,  -101.76 ,  */
/*181705,-249.45 ,  -462.17 ,  -250.78 ,  -181.35 ,  -13.18 ,  -157.06 ,  -143.97 ,  -52.50 ,  -81.94 ,  -103.38 ,  */
/*181707,-242.20 ,  -467.00 ,  -258.03 ,  -187.80 ,  -4.31 ,  -142.56 ,  -151.22 ,  -67.81 ,  -84.36 ,  -116.27 ,  */
/*181708,-241.40 ,  -494.40 ,  -258.03 ,  -149.12 ,  -31.71 ,  -137.72 ,  -165.73 ,  -71.84 ,  -82.75 ,  -129.97 ,  */
/*181710,-208.36 ,  -504.88 ,  -270.12 ,  -184.57 ,  -31.71 ,  -145.78 ,  -160.08 ,  -70.23 ,  -57.76 ,  -126.75 ,  */
/*181711,-263.96 ,  -507.30 ,  -250.78 ,  -194.24 ,  -3.51 ,  -134.50 ,  -152.03 ,  -65.40 ,  -94.83 ,  -122.72 ,  */
/*181713,-246.23 ,  -508.91 ,  -260.45 ,  -165.23 ,  -26.07 ,  -150.62 ,  -152.83 ,  -58.95 ,  -83.55 ,  -117.08 ,  */
/*181714,-230.92 ,  -497.63 ,  -246.75 ,  -185.38 ,  -5.92 ,  -144.97 ,  -115.76 ,  -70.23 ,  -89.19 ,  -111.43 ,  */
/*181716,-245.43 ,  -487.15 ,  -244.33 ,  -177.32 ,  -2.70 ,  -146.59 ,  -152.03 ,  -71.84 ,  -90.80 ,  -97.73 ,  */
/*181717,-255.10 ,  -487.96 ,  -244.33 ,  -170.87 ,  -10.76 ,  -136.92 ,  -154.44 ,  -74.26 ,  -63.41 ,  -114.66 ,  */
/*181719,-259.12 ,  -480.70 ,  -250.78 ,  -181.35 ,  -9.15 ,  -81.31 ,  -164.11 ,  -59.75 ,  -90.00 ,  -104.99 ,  */
/*181720,-253.48 ,  -457.33 ,  -258.03 ,  -186.99 ,  -3.51 ,  -128.05 ,  -160.89 ,  -78.29 ,  -80.33 ,  -121.91 ,  */
/*181722,-242.20 ,  -493.60 ,  -249.16 ,  -183.77 ,  -7.53 ,  -138.53 ,  -109.31 ,  -70.23 ,  -87.58 ,  -118.69 ,  */
/*181723,-193.04 ,  -479.09 ,  -260.45 ,  -168.46 ,  -12.37 ,  -126.44 ,  -156.06 ,  -64.59 ,  -50.51 ,  -121.10 ,  */
/*181725,-237.37 ,  -510.52 ,  -243.52 ,  -195.86 ,  -19.62 ,  -152.23 ,  -116.57 ,  -74.26 ,  -69.05 ,  -118.69 ,  */
/*181727,-231.73 ,  -472.65 ,  -249.16 ,  -193.44 ,  -15.59 ,  -149.81 ,  -144.77 ,  -53.31 ,  -84.36 ,  -100.96 ,  */
/*181728,-250.26 ,  -470.23 ,  -251.58 ,  -164.43 ,  -26.07 ,  -153.03 ,  -148.80 ,  -55.73 ,  -81.13 ,  -121.91 ,  */
/*181730,-235.75 ,  -486.35 ,  -241.11 ,  -191.83 ,  -34.13 ,  -141.75 ,  -156.86 ,  -62.17 ,  -83.55 ,  -118.69 ,  */
/*181731,-257.51 ,  -442.02 ,  -257.22 ,  -191.83 ,  -32.52 ,  -142.56 ,  -160.89 ,  -67.81 ,  -50.51 ,  -137.22 ,  */
/*181733,-257.51 ,  -491.18 ,  -286.23 ,  -174.90 ,  -30.10 ,  -138.53 ,  -144.77 ,  -67.01 ,  -82.75 ,  -121.10 ,  */
/*181734,-254.29 ,  -483.12 ,  -261.25 ,  -162.82 ,  -47.83 ,  -150.62 ,  -168.14 ,  -78.29 ,  -94.03 ,  -142.06 ,  */
/*181736,-269.60 ,  -471.03 ,  -265.28 ,  -207.14 ,  -22.04 ,  -159.48 ,  -167.34 ,  -50.89 ,  -81.13 ,  -123.52 ,  */
/*181737,-247.84 ,  -492.79 ,  -266.89 ,  -192.63 ,  -7.53 ,  -152.23 ,  -174.59 ,  -60.56 ,  -94.83 ,  -120.30 ,  */
/*181739,-209.97 ,  -481.51 ,  -254.81 ,  -195.05 ,  -17.21 ,  -156.26 ,  -154.44 ,  -14.63 ,  -102.09 ,  -109.02 ,  */