/*80626,-110.51 ,  -222.80 ,  -208.90 ,  -248.17 ,  -30.95 ,  -157.53 ,  -183.87 ,  -68.59 ,  -89.36 ,  -131.40 ,  */
/*80627,-116.95 ,  -235.69 ,  -254.84 ,  -223.18 ,  -34.18 ,  -144.64 ,  -199.18 ,  -91.15 ,  -72.44 ,  -144.30 ,  */
/*80629,-129.04 ,  -238.91 ,  -242.75 ,  -221.57 ,  -33.37 ,  -102.73 ,  -201.60 ,  -75.84 ,  -108.70 ,  -124.96 ,  */
/*80630,-128.24 ,  -289.68 ,  -199.23 ,  -252.19 ,  -18.87 ,  -151.08 ,  -208.05 ,  -63.75 ,  -111.12 ,  -96.75 ,  */
/*80632,-122.60 ,  -300.16 ,  -213.74 ,  -237.69 ,  -30.15 ,  -176.06 ,  -199.99 ,  -31.52 ,  -101.45 ,  -115.29 ,  */
/*80633,-127.43 ,  -267.12 ,  -229.86 ,  -232.85 ,  4.50 ,  -160.75 ,  -202.41 ,  -71.81 ,  -83.72 ,  -141.07 ,  */
/*80635,-120.18 ,  -256.64 ,  -237.91 ,  -189.34 ,  -36.59 ,  -172.84 ,  -201.60 ,  -77.45 ,  -90.17 ,  -154.77 ,  */
/*80636,-87.14 ,  -213.13 ,  -252.42 ,  -215.93 ,  -32.56 ,  -166.39 ,  -164.53 ,  -62.14 ,  -90.97 ,  -128.18 ,  */
/*80638,-112.93 ,  -226.02 ,  -238.72 ,  -190.14 ,  -22.09 ,  -171.23 ,  -176.62 ,  -66.98 ,  -108.70 ,  -103.20 ,  */
/*80639,-107.28 ,  -221.18 ,  -209.71 ,  -242.52 ,  -27.73 ,  -125.30 ,  -214.50 ,  -72.62 ,  -96.61 ,  -134.63 ,  */
/*80641,-97.61 ,  -214.74 ,  -204.87 ,  -272.34 ,  -30.95 ,  -150.28 ,  -191.93 ,  -76.65 ,  -109.51 ,  -122.54 ,  */
/*80642,-61.35 ,  -234.08 ,  -227.44 ,  -263.48 ,  -26.92 ,  -153.50 ,  -204.83 ,  -66.98 ,  -96.61 ,  -116.90 ,  */
/*80644,-59.74 ,  -227.63 ,  -227.44 ,  -239.30 ,  -35.79 ,  -138.99 ,  -180.65 ,  -66.17 ,  -82.11 ,  -107.23 ,  */
/*80645,-100.84 ,  -242.14 ,  -214.54 ,  -246.55 ,  -26.92 ,  -147.05 ,  -172.59 ,  -60.53 ,  -86.94 ,  -108.03 ,  */
/*80647,-94.39 ,  -223.60 ,  -191.98 ,  -254.61 ,  10.95 ,  -126.91 ,  -174.20 ,  -60.53 ,  -77.27 ,  -115.29 ,  */
/*80648,-91.17 ,  -216.35 ,  -190.37 ,  -245.75 ,  -33.37 ,  -149.47 ,  -180.65 ,  -61.33 ,  -74.05 ,  -112.06 ,  */
/*80650,-91.17 ,  -217.96 ,  -167.00 ,  -258.64 ,  -22.09 ,  -162.36 ,  -195.96 ,  -62.14 ,  -101.45 ,  -90.31 ,  */
/*80651,-122.60 ,  -236.50 ,  -186.34 ,  -248.17 ,  -37.40 ,  -176.06 ,  -206.44 ,  -73.42 ,  -82.92 ,  -124.96 ,  */
/*80653,-76.66 ,  -209.10 ,  -229.05 ,  -252.19 ,  -32.56 ,  -191.38 ,  -204.83 ,  -78.26 ,  -73.24 ,  -133.82 ,  */
/*80654,-100.03 ,  -207.48 ,  -223.41 ,  -218.35 ,  -29.34 ,  -159.95 ,  -208.85 ,  -76.65 ,  -102.26 ,  -122.54 ,  */
/*80656,-96.00 ,  -217.16 ,  -238.72 ,  -201.42 ,  -25.31 ,  -153.50 ,  -206.44 ,  -71.81 ,  -85.33 ,  -102.39 ,  */
/*80657,-88.75 ,  -217.96 ,  -202.46 ,  -219.96 ,  -21.28 ,  -169.62 ,  -196.77 ,  -72.62 ,  -86.14 ,  -115.29 ,  */
/*80659,-104.87 ,  -230.05 ,  -188.76 ,  -197.40 ,  -32.56 ,  -139.80 ,  -217.72 ,  -63.75 ,  -88.56 ,  -117.70 ,  */
/*80660,-86.33 ,  -255.03 ,  -202.46 ,  -187.73 ,  -39.01 ,  -147.05 ,  -210.47 ,  -71.00 ,  -85.33 ,  -115.29 ,  */
/*80662,-94.39 ,  -265.51 ,  -179.89 ,  -170.80 ,  -30.95 ,  -177.68 ,  -206.44 ,  -34.74 ,  -79.69 ,  -117.70 ,  */
/*80663,-98.42 ,  -234.08 ,  -193.59 ,  -141.79 ,  -26.12 ,  -192.99 ,  -188.71 ,  -39.58 ,  -106.28 ,  -130.60 ,  */
/*80665,-105.67 ,  -249.39 ,  -216.96 ,  -146.63 ,  -21.28 ,  -174.45 ,  -224.97 ,  -71.00 ,  -83.72 ,  -95.95 ,  */
/*80667,-93.58 ,  -264.70 ,  -219.38 ,  -190.14 ,  -35.79 ,  -189.76 ,  -211.27 ,  -84.70 ,  -102.26 ,  -123.35 ,  */
/*80668,-112.93 ,  -224.41 ,  -188.76 ,  -183.70 ,  -50.29 ,  -176.87 ,  -225.78 ,  -66.98 ,  -101.45 ,  -129.79 ,  */
/*80670,-66.19 ,  -226.83 ,  -203.26 ,  -207.07 ,  -43.04 ,  -213.13 ,  -227.39 ,  -64.56 ,  -110.31 ,  -130.60 ,  */
/*80671,-92.78 ,  -215.54 ,  -235.50 ,  -222.38 ,  -34.18 ,  -240.53 ,  -183.87 ,  -81.48 ,  -96.61 ,  -150.74 ,  */
/*80673,-93.58 ,  -213.13 ,  -208.10 ,  -209.48 ,  -37.40 ,  -228.45 ,  -233.84 ,  -70.20 ,  -102.26 ,  -134.63 ,  */
/*80674,-97.61 ,  -233.27 ,  -179.89 ,  -229.63 ,  -52.71 ,  -234.89 ,  -229.81 ,  -98.40 ,  -82.92 ,  -149.94 ,  */
/*80676,-78.27 ,  -223.60 ,  -180.70 ,  -226.41 ,  -51.10 ,  -238.92 ,  -205.63 ,  -84.70 ,  -93.39 ,  -148.33 ,  */
/*80677,-89.56 ,  -220.38 ,  -172.64 ,  -222.38 ,  -34.98 ,  -273.57 ,  -224.97 ,  -50.05 ,  -95.00 ,  -121.73 ,  */
/*80679,-73.44 ,  -246.17 ,  -183.12 ,  -230.44 ,  -35.79 ,  -259.87 ,  -195.16 ,  -40.38 ,  -102.26 ,  -122.54 ,  */
/*80680,-87.94 ,  -227.63 ,  -201.65 ,  -191.75 ,  -30.95 ,  -183.32 ,  -188.71 ,  -85.51 ,  -55.52 ,  -113.67 ,  */