/*84325,-262.76 ,  -509.06 ,  -257.36 ,  -192.45 ,  -3.75 ,  -166.68 ,  -175.39 ,  -71.38 ,  -86.72 ,  -123.16 ,  */
/*84327,-264.37 ,  -512.29 ,  -230.77 ,  -206.95 ,  -21.48 ,  -150.57 ,  -160.08 ,  -60.90 ,  -117.34 ,  -94.95 ,  */
/*84328,-266.79 ,  -476.83 ,  -237.21 ,  -187.61 ,  -28.73 ,  -161.85 ,  -143.15 ,  -78.63 ,  -85.11 ,  -113.49 ,  */
/*84330,-257.92 ,  -528.40 ,  -238.02 ,  -178.75 ,  -15.03 ,  -153.79 ,  -163.30 ,  -63.32 ,  -119.76 ,  -104.63 ,  */
/*84331,-219.24 ,  -518.73 ,  -266.22 ,  -166.66 ,  -29.53 ,  -164.27 ,  -173.78 ,  -65.73 ,  -49.65 ,  -119.13 ,  */
/*84333,-256.31 ,  -513.90 ,  -253.33 ,  -159.41 ,  -27.92 ,  -142.51 ,  -177.00 ,  -68.96 ,  -85.91 ,  -111.88 ,  */
/*84334,-275.65 ,  -530.82 ,  -212.23 ,  -194.06 ,  -10.19 ,  -163.46 ,  -180.22 ,  -77.82 ,  -103.64 ,  -111.07 ,  */
/*84336,-271.62 ,  -502.62 ,  -242.05 ,  -188.42 ,  -1.33 ,  -172.33 ,  -179.42 ,  -72.99 ,  -89.14 ,  -147.34 ,  */
/*84337,-264.37 ,  -480.05 ,  -244.47 ,  -203.73 ,  5.12 ,  -173.13 ,  -188.28 ,  -77.02 ,  -90.75 ,  -122.35 ,  */
/*84339,-262.76 ,  -505.03 ,  -259.78 ,  -156.18 ,  -43.23 ,  -162.66 ,  -203.59 ,  -65.73 ,  -99.61 ,  -139.28 ,  */
/*84340,-268.40 ,  -485.69 ,  -253.33 ,  -190.03 ,  -42.43 ,  -183.61 ,  -197.15 ,  -56.06 ,  -102.84 ,  -127.99 ,  */
/*84342,-262.76 ,  -479.25 ,  -262.20 ,  -181.17 ,  -23.09 ,  -168.30 ,  -182.64 ,  -34.31 ,  -89.14 ,  -119.94 ,  */
/*84343,-265.98 ,  -518.73 ,  -248.50 ,  -198.09 ,  -9.39 ,  -188.44 ,  -178.61 ,  -85.88 ,  -94.78 ,  -135.25 ,  */
/*84345,-264.37 ,  -512.29 ,  -241.24 ,  -179.55 ,  -17.45 ,  -165.07 ,  -179.42 ,  -59.29 ,  -97.19 ,  -119.94 ,  */
/*84346,-263.56 ,  -519.54 ,  -250.11 ,  -182.78 ,  -15.03 ,  -135.26 ,  -181.83 ,  -56.87 ,  -106.06 ,  -124.77 ,  */
/*84348,-274.04 ,  -471.19 ,  -242.85 ,  -197.28 ,  -23.89 ,  -169.10 ,  -167.33 ,  -58.48 ,  -92.36 ,  -115.10 ,  */
/*84349,-237.78 ,  -499.39 ,  -246.88 ,  -187.61 ,  -12.61 ,  -161.04 ,  -189.09 ,  -24.64 ,  -81.08 ,  -126.38 ,  */
/*84351,-262.76 ,  -517.93 ,  -258.17 ,  -185.19 ,  -15.03 ,  -165.07 ,  -193.92 ,  -60.09 ,  -93.97 ,  -144.11 ,  */
/*84352,-276.46 ,  -521.96 ,  -239.63 ,  -191.64 ,  -25.51 ,  -167.49 ,  -153.63 ,  -61.70 ,  -89.14 ,  -127.19 ,  */
/*84354,-266.79 ,  -546.94 ,  -267.84 ,  -182.78 ,  -25.51 ,  -172.33 ,  -133.48 ,  -69.76 ,  -84.30 ,  -117.52 ,  */
/*84355,-266.79 ,  -504.23 ,  -254.14 ,  -193.25 ,  -26.31 ,  -128.00 ,  -175.39 ,  -60.90 ,  -107.67 ,  -120.74 ,  */
/*84357,-282.91 ,  -488.92 ,  -254.94 ,  -162.63 ,  -14.22 ,  -172.33 ,  -172.16 ,  -61.70 ,  -98.00 ,  -139.28 ,  */
/*84359,-258.73 ,  -502.62 ,  -261.39 ,  -152.15 ,  -23.09 ,  -156.21 ,  -181.03 ,  -65.73 ,  -103.64 ,  -104.63 ,  */
/*84360,-279.68 ,  -522.76 ,  -257.36 ,  -204.54 ,  -18.25 ,  -183.61 ,  -150.41 ,  -66.54 ,  -87.52 ,  -122.35 ,  */
/*84362,-232.14 ,  -499.39 ,  -259.78 ,  -197.28 ,  -17.45 ,  -157.82 ,  -176.19 ,  -88.30 ,  -75.44 ,  -133.64 ,  */
/*84363,-266.79 ,  -501.00 ,  -245.27 ,  -206.15 ,  5.12 ,  -179.58 ,  -165.72 ,  -66.54 ,  -91.55 ,  -118.32 ,  */
/*84365,-262.76 ,  -543.71 ,  -221.10 ,  -186.00 ,  -28.73 ,  -155.40 ,  -143.15 ,  -46.39 ,  -84.30 ,  -127.99 ,  */
/*84366,-260.34 ,  -507.45 ,  -215.45 ,  -194.87 ,  2.70 ,  -123.17 ,  -201.18 ,  -63.32 ,  -101.22 ,  -127.99 ,  */
/*84368,-253.89 ,  -488.11 ,  -248.50 ,  -194.06 ,  18.82 ,  -149.76 ,  -172.97 ,  -30.28 ,  -97.19 ,  -119.13 ,  */
/*84369,-257.12 ,  -475.22 ,  -245.27 ,  -189.22 ,  -6.97 ,  -158.63 ,  -135.90 ,  -74.60 ,  -85.11 ,  -108.65 ,  */
/*84371,-255.51 ,  -481.66 ,  -238.83 ,  -185.19 ,  -45.65 ,  -148.15 ,  -168.94 ,  -72.18 ,  -91.55 ,  -123.97 ,  */
/*84372,-264.37 ,  -486.50 ,  -215.45 ,  -176.33 ,  -18.25 ,  -144.12 ,  -167.33 ,  -74.60 ,  -68.99 ,  -115.10 ,  */
/*84374,-261.15 ,  -486.50 ,  -232.38 ,  -173.11 ,  -18.25 ,  -151.37 ,  -175.39 ,  -39.95 ,  -93.17 ,  -118.32 ,  */
/*84375,-255.51 ,  -488.11 ,  -257.36 ,  -181.17 ,  -21.48 ,  -129.61 ,  -175.39 ,  -57.68 ,  -98.00 ,  -113.49 ,  */
/*84377,-259.54 ,  -523.57 ,  -246.88 ,  -192.45 ,  -15.03 ,  -161.04 ,  -193.92 ,  -56.06 ,  -97.19 ,  -81.26 ,  */
/*84378,-251.48 ,  -501.81 ,  -231.57 ,  -200.51 ,  -28.73 ,  -163.46 ,  -180.22 ,  -69.76 ,  -123.79 ,  -104.63 ,  */
/*84380,-224.88 ,  -492.14 ,  -251.72 ,  -176.33 ,  -24.70 ,  -140.90 ,  -156.85 ,  -57.68 ,  -105.25 ,  -121.55 ,  */