/*108065,-80.47 ,  -178.57 ,  -194.71 ,  -191.84 ,  -23.16 ,  -206.74 ,  -179.32 ,  -75.67 ,  -94.99 ,  -140.03 ,  */
/*108067,-78.85 ,  -205.16 ,  -189.07 ,  -159.61 ,  -44.92 ,  -183.37 ,  -213.97 ,  -75.67 ,  -82.90 ,  -126.33 ,  */
/*108068,-62.74 ,  -229.34 ,  -174.57 ,  -202.32 ,  -22.35 ,  -174.50 ,  -217.20 ,  -42.63 ,  -109.49 ,  -121.49 ,  */
/*108070,-85.30 ,  -200.33 ,  -186.65 ,  -193.45 ,  -29.61 ,  -170.47 ,  -195.44 ,  -70.03 ,  -103.85 ,  -123.10 ,  */
/*108071,-89.33 ,  -179.38 ,  -154.42 ,  -203.13 ,  -33.64 ,  -184.17 ,  -201.08 ,  -70.84 ,  -50.66 ,  -130.36 ,  */
/*108073,-87.72 ,  -203.55 ,  -172.95 ,  -196.68 ,  -25.58 ,  -211.57 ,  -201.08 ,  -65.19 ,  -76.45 ,  -131.16 ,  */
/*108074,-87.72 ,  -208.39 ,  -143.94 ,  -207.15 ,  -30.41 ,  -210.76 ,  -205.11 ,  -71.64 ,  -111.10 ,  -106.18 ,  */
/*108076,-93.36 ,  -206.78 ,  -139.11 ,  -186.20 ,  -2.21 ,  -221.24 ,  -224.45 ,  -71.64 ,  -90.15 ,  -129.55 ,  */
/*108077,-88.52 ,  -220.48 ,  -143.14 ,  -196.68 ,  -36.05 ,  -232.52 ,  -213.97 ,  -65.19 ,  -110.30 ,  -102.96 ,  */
/*108079,-94.17 ,  -215.64 ,  -219.69 ,  -159.61 ,  -26.38 ,  -238.97 ,  -218.00 ,  -73.25 ,  -85.32 ,  -139.22 ,  */
/*108080,-94.17 ,  -241.43 ,  -215.66 ,  -145.91 ,  -25.58 ,  -204.32 ,  -218.81 ,  -72.45 ,  -96.60 ,  -141.64 ,  */
/*108082,-82.88 ,  -237.40 ,  -159.25 ,  -187.01 ,  -34.44 ,  -176.92 ,  -180.13 ,  -78.09 ,  -88.54 ,  -124.71 ,  */
/*108083,-89.33 ,  -206.78 ,  -197.94 ,  -202.32 ,  -49.75 ,  -177.72 ,  -207.53 ,  -65.19 ,  -103.85 ,  -122.30 ,  */
/*108085,-56.29 ,  -200.33 ,  -200.35 ,  -216.02 ,  -34.44 ,  -219.63 ,  -196.24 ,  -84.53 ,  -63.56 ,  -144.06 ,  */
/*108086,-96.58 ,  -187.43 ,  -182.62 ,  -232.14 ,  -24.77 ,  -224.46 ,  -159.17 ,  -78.09 ,  -99.82 ,  -136.80 ,  */
/*108088,-109.48 ,  -205.16 ,  -168.12 ,  -220.85 ,  -23.16 ,  -187.39 ,  -192.21 ,  -78.89 ,  -86.93 ,  -127.13 ,  */
/*108089,-90.94 ,  -206.78 ,  -169.73 ,  -214.41 ,  -32.02 ,  -184.17 ,  -205.11 ,  -68.42 ,  -89.35 ,  -120.69 ,  */
/*108091,-89.33 ,  -207.58 ,  -202.77 ,  -141.88 ,  -37.67 ,  -171.28 ,  -218.00 ,  -57.14 ,  -88.54 ,  -106.99 ,  */
/*108092,-54.68 ,  -228.53 ,  -184.24 ,  -191.84 ,  -20.74 ,  -160.00 ,  -214.78 ,  -33.77 ,  -82.90 ,  -120.69 ,  */
/*108094,-78.85 ,  -229.34 ,  -176.98 ,  -187.01 ,  -15.10 ,  -164.02 ,  -177.71 ,  -74.06 ,  -63.56 ,  -115.04 ,  */
/*108095,-90.14 ,  -168.90 ,  -171.34 ,  -177.34 ,  -19.13 ,  -167.25 ,  -172.87 ,  -68.42 ,  -76.45 ,  -111.82 ,  */
/*108097,-76.44 ,  -214.03 ,  -184.24 ,  -190.23 ,  9.88 ,  -186.59 ,  -180.13 ,  -65.19 ,  -92.57 ,  -119.88 ,  */
/*108098,-95.78 ,  -214.83 ,  -156.03 ,  -195.07 ,  -23.97 ,  -188.20 ,  -180.13 ,  -84.53 ,  -68.39 ,  -127.13 ,  */
/*108100,-86.91 ,  -229.34 ,  -171.34 ,  -187.01 ,  -31.22 ,  -183.37 ,  -201.88 ,  -53.11 ,  -100.63 ,  -129.55 ,  */
/*108101,-94.17 ,  -247.87 ,  -198.74 ,  -154.77 ,  -50.56 ,  -188.20 ,  -185.77 ,  -72.45 ,  -107.07 ,  -134.39 ,  */
/*108103,-103.03 ,  -202.75 ,  -193.91 ,  -182.17 ,  -26.38 ,  -186.59 ,  -179.32 ,  -82.92 ,  -82.90 ,  -132.77 ,  */
/*108104,-120.76 ,  -240.62 ,  -208.41 ,  -149.13 ,  -47.34 ,  -168.86 ,  -212.36 ,  -76.48 ,  -105.46 ,  -139.22 ,  */
/*108106,-103.03 ,  -243.85 ,  -194.71 ,  -200.71 ,  4.24 ,  -189.01 ,  -202.69 ,  -67.61 ,  -94.18 ,  -139.22 ,  */
/*108108,-110.28 ,  -229.34 ,  -161.67 ,  -202.32 ,  -32.02 ,  -166.44 ,  -175.29 ,  -64.39 ,  -76.45 ,  -133.58 ,  */
/*108109,-93.36 ,  -229.34 ,  -198.74 ,  -195.07 ,  -3.01 ,  -130.18 ,  -169.65 ,  -64.39 ,  -94.18 ,  -119.88 ,  */
/*108111,-86.91 ,  -226.92 ,  -168.92 ,  -187.01 ,  -16.71 ,  -160.00 ,  -176.10 ,  -53.91 ,  -91.76 ,  -111.82 ,  */
/*108112,-51.45 ,  -197.11 ,  -190.68 ,  -192.65 ,  -23.16 ,  -174.50 ,  -170.46 ,  -57.14 ,  -49.86 ,  -147.28 ,  */
/*108114,-90.14 ,  -220.48 ,  -189.88 ,  -183.78 ,  -23.16 ,  -162.41 ,  -186.57 ,  -70.03 ,  -96.60 ,  -119.07 ,  */
/*108115,-94.97 ,  -214.83 ,  -186.65 ,  -183.78 ,  -22.35 ,  -136.63 ,  -197.05 ,  -65.19 ,  -94.99 ,  -116.66 ,  */
/*108117,-95.78 ,  -194.69 ,  -185.85 ,  -202.32 ,  -29.61 ,  -195.45 ,  -196.24 ,  -63.58 ,  -90.15 ,  -123.91 ,  */
/*108118,-92.55 ,  -222.89 ,  -198.74 ,  -187.01 ,  -43.31 ,  -171.28 ,  -192.21 ,  -59.55 ,  -104.66 ,  -127.94 ,  */
/*108120,-100.61 ,  -246.26 ,  -165.70 ,  -198.29 ,  -3.82 ,  -155.97 ,  -205.11 ,  -83.73 ,  -96.60 ,  -131.16 ,  */