/*72021,-34.43 ,  -193.61 ,  -171.91 ,  -185.24 ,  -27.68 ,  -181.92 ,  -196.22 ,  -26.00 ,  -103.01 ,  -107.82 ,  */
/*72022,-55.38 ,  -158.15 ,  -173.52 ,  -182.83 ,  -33.32 ,  -174.67 ,  -172.04 ,  -64.68 ,  -73.19 ,  -132.80 ,  */
/*72024,-68.27 ,  -166.21 ,  -175.13 ,  -188.47 ,  -34.13 ,  -157.75 ,  -197.02 ,  -65.48 ,  -87.69 ,  -120.71 ,  */
/*72025,-69.88 ,  -171.85 ,  -173.52 ,  -155.43 ,  -39.77 ,  -176.28 ,  -184.94 ,  -67.90 ,  -81.25 ,  -124.74 ,  */
/*72027,-66.66 ,  -163.79 ,  -175.13 ,  -172.35 ,  -26.88 ,  -166.61 ,  -179.30 ,  -95.30 ,  -77.22 ,  -127.16 ,  */
/*72028,-60.21 ,  -167.01 ,  -187.22 ,  -162.68 ,  -30.90 ,  -143.24 ,  -135.78 ,  -84.02 ,  -89.31 ,  -140.05 ,  */
/*72030,-36.84 ,  -171.85 ,  -172.71 ,  -167.51 ,  -30.10 ,  -125.51 ,  -184.94 ,  -52.59 ,  -98.17 ,  -121.52 ,  */
/*72031,-60.21 ,  -171.85 ,  -166.27 ,  -182.83 ,  -50.25 ,  -122.29 ,  -189.77 ,  -72.74 ,  -89.31 ,  -118.29 ,  */
/*72033,-55.38 ,  -163.79 ,  -155.79 ,  -193.30 ,  -22.85 ,  -156.14 ,  -180.91 ,  -84.02 ,  -63.52 ,  -141.66 ,  */
/*72034,-28.79 ,  -180.71 ,  -176.74 ,  -202.17 ,  -40.57 ,  -160.16 ,  -180.10 ,  -91.27 ,  -61.10 ,  -118.29 ,  */
/*72036,-52.16 ,  -168.63 ,  -129.20 ,  -198.14 ,  -13.18 ,  -171.45 ,  -185.74 ,  -59.84 ,  -92.53 ,  -111.85 ,  */
/*72037,-55.38 ,  -168.63 ,  -165.46 ,  -199.75 ,  -30.10 ,  -205.29 ,  -145.45 ,  -83.21 ,  -84.47 ,  -132.80 ,  */
/*72039,-50.54 ,  -176.68 ,  -161.43 ,  -185.24 ,  -3.51 ,  -169.03 ,  -186.55 ,  -63.07 ,  -87.69 ,  -115.07 ,  */
/*72040,-62.63 ,  -168.63 ,  -172.71 ,  -175.57 ,  -34.93 ,  -159.36 ,  -169.63 ,  -42.92 ,  -89.31 ,  -118.29 ,  */
/*72042,-67.47 ,  -171.85 ,  -157.40 ,  -188.47 ,  -27.68 ,  -148.08 ,  -200.25 ,  -71.13 ,  -106.23 ,  -88.48 ,  */
/*72043,-27.98 ,  -176.68 ,  -200.92 ,  -173.96 ,  -28.49 ,  -160.97 ,  -209.11 ,  -90.47 ,  -82.05 ,  -133.60 ,  */
/*72045,-40.07 ,  -200.05 ,  -176.74 ,  -185.24 ,  -44.60 ,  -166.61 ,  -230.07 ,  -55.01 ,  -109.45 ,  -113.46 ,  */
/*72046,-86.81 ,  -184.74 ,  -157.40 ,  -178.80 ,  -38.96 ,  -156.14 ,  -207.50 ,  -85.63 ,  -77.22 ,  -109.43 ,  */
/*72048,-54.57 ,  -186.36 ,  -167.88 ,  -196.53 ,  -24.46 ,  -161.78 ,  -223.62 ,  -62.26 ,  -102.20 ,  -126.35 ,  */
/*72049,-61.83 ,  -182.33 ,  -169.49 ,  -198.14 ,  -9.95 ,  -170.64 ,  -187.35 ,  -70.32 ,  -100.59 ,  -117.49 ,  */
/*72051,-65.86 ,  -171.85 ,  -193.66 ,  -180.41 ,  -30.90 ,  -176.28 ,  -183.33 ,  -53.40 ,  -83.66 ,  -105.40 ,  */
/*72052,-63.44 ,  -170.24 ,  -171.91 ,  -189.27 ,  -21.23 ,  -185.15 ,  -188.16 ,  -52.59 ,  -86.89 ,  -111.85 ,  */
/*72054,-58.60 ,  -175.07 ,  -166.27 ,  -144.14 ,  -19.62 ,  -179.51 ,  -194.61 ,  -55.81 ,  -84.47 ,  -73.16 ,  */
/*72055,-60.21 ,  -187.97 ,  -150.95 ,  -182.02 ,  -13.98 ,  -144.85 ,  -219.59 ,  -58.23 ,  -96.56 ,  -82.83 ,  */
/*72057,-55.38 ,  -162.99 ,  -183.99 ,  -170.74 ,  -29.29 ,  -133.57 ,  -203.47 ,  -39.70 ,  -103.01 ,  -118.29 ,  */
/*72058,-60.21 ,  -161.37 ,  -182.38 ,  -190.88 ,  -27.68 ,  -152.91 ,  -194.61 ,  -60.65 ,  -100.59 ,  -118.29 ,  */
/*72060,-60.21 ,  -188.77 ,  -193.66 ,  -183.63 ,  -29.29 ,  -142.44 ,  -170.43 ,  -68.71 ,  -93.33 ,  -111.85 ,  */
/*72061,-72.30 ,  -179.91 ,  -191.25 ,  -194.11 ,  -26.88 ,  -164.19 ,  -190.58 ,  -88.85 ,  -86.89 ,  -123.93 ,  */
/*72063,-74.72 ,  -196.83 ,  -189.64 ,  -194.11 ,  -4.31 ,  -195.62 ,  -197.02 ,  -69.51 ,  -101.39 ,  -119.90 ,  */
/*72064,-74.72 ,  -198.44 ,  -155.79 ,  -213.45 ,  -42.99 ,  -203.68 ,  -184.94 ,  -73.54 ,  -66.74 ,  -152.14 ,  */
/*72066,-69.88 ,  -187.16 ,  -168.68 ,  -196.53 ,  -44.60 ,  -189.98 ,  -205.08 ,  -73.54 ,  -90.11 ,  -130.38 ,  */
/*72067,-73.91 ,  -185.55 ,  -172.71 ,  -163.48 ,  -38.96 ,  -183.53 ,  -201.05 ,  -72.74 ,  -106.23 ,  -143.27 ,  */
/*72069,-69.88 ,  -176.68 ,  -187.22 ,  -175.57 ,  -29.29 ,  -160.97 ,  -198.64 ,  -75.15 ,  -105.42 ,  -123.93 ,  */
/*72071,-59.41 ,  -180.71 ,  -192.05 ,  -161.07 ,  -24.46 ,  -176.28 ,  -189.77 ,  -67.90 ,  -99.78 ,  -103.79 ,  */
/*72072,-58.60 ,  -173.46 ,  -180.77 ,  -181.21 ,  -24.46 ,  -150.49 ,  -159.96 ,  -60.65 ,  -86.89 ,  -117.49 ,  */
/*72074,-69.88 ,  -160.57 ,  -179.16 ,  -164.29 ,  -30.90 ,  -168.22 ,  -161.57 ,  -79.99 ,  -91.72 ,  -127.96 ,  */
/*72075,-55.38 ,  -177.49 ,  -133.22 ,  -173.16 ,  2.94 ,  -154.52 ,  -184.94 ,  -62.26 ,  -94.14 ,  -119.90 ,  */
/*72077,-63.44 ,  -167.82 ,  -178.35 ,  -153.81 ,  -38.96 ,  -172.25 ,  -200.25 ,  -71.13 ,  -86.08 ,  -136.83 ,  */
/*72078,-73.11 ,  -171.85 ,  -159.01 ,  -165.90 ,  -44.60 ,  -179.51 ,  -216.37 ,  -64.68 ,  -94.95 ,  -68.33 ,  */
/*72080,-62.63 ,  -175.07 ,  -181.58 ,  -162.68 ,  -38.96 ,  -190.79 ,  -209.11 ,  -88.05 ,  -100.59 ,  -136.83 ,  */
/*72081,-65.86 ,  -171.85 ,  -178.35 ,  -190.08 ,  -32.52 ,  -181.92 ,  -222.01 ,  -59.04 ,  -119.12 ,  -123.93 ,  */
/*72083,-78.75 ,  -184.74 ,  -175.94 ,  -185.24 ,  -38.16 ,  -169.84 ,  -192.19 ,  -88.85 ,  -94.95 ,  -126.35 ,  */
/*72084,-70.69 ,  -175.88 ,  -202.53 ,  -181.21 ,  -31.71 ,  -177.09 ,  -204.28 ,  -76.77 ,  -92.53 ,  -131.19 ,  */
/*72086,-56.18 ,  -175.88 ,  -192.05 ,  -190.08 ,  -44.60 ,  -169.84 ,  -194.61 ,  -91.27 ,  -69.97 ,  -124.74 ,  */
/*72087,-61.83 ,  -183.13 ,  -173.52 ,  -189.27 ,  -34.93 ,  -170.64 ,  -181.71 ,  -69.51 ,  -86.08 ,  -90.09 ,  */
/*72089,-60.21 ,  -170.24 ,  -171.10 ,  -188.47 ,  -15.59 ,  -185.15 ,  -189.77 ,  -55.01 ,  -105.42 ,  -90.09 ,  */