/*91914,-26.73 ,  -104.58 ,  -91.10 ,  -92.15 ,  31.05 ,  -148.86 ,  -192.69 ,  -60.56 ,  -91.13 ,  -122.39 ,  */
/*91916,-16.25 ,  -156.15 ,  -87.88 ,  -128.41 ,  40.72 ,  -169.81 ,  -194.30 ,  -65.40 ,  -96.78 ,  -95.00 ,  */
/*91917,-18.67 ,  -159.38 ,  -131.40 ,  -107.46 ,  22.99 ,  -148.86 ,  -223.31 ,  -60.56 ,  -91.94 ,  -114.34 ,  */
/*91918,-12.22 ,  -166.63 ,  -115.28 ,  -138.89 ,  56.84 ,  -172.23 ,  -217.67 ,  -76.68 ,  -85.49 ,  -143.35 ,  */
/*91920,-10.61 ,  -172.27 ,  -114.47 ,  -117.13 ,  36.69 ,  -169.81 ,  -224.12 ,  -48.47 ,  -93.55 ,  -119.98 ,  */
/*91922,-23.51 ,  -156.96 ,  -110.44 ,  -137.28 ,  75.37 ,  -159.33 ,  -214.45 ,  -69.42 ,  -80.66 ,  -124.01 ,  */
/*91923,-24.31 ,  -138.42 ,  -112.06 ,  -113.91 ,  47.17 ,  -125.49 ,  -207.19 ,  -62.17 ,  -79.05 ,  -114.34 ,  */
/*91925,13.56 ,  -127.14 ,  -109.64 ,  -117.13 ,  47.97 ,  -152.08 ,  -207.19 ,  -42.83 ,  -93.55 ,  -115.95 ,  */
/*91926,-13.84 ,  -143.26 ,  -108.03 ,  -112.30 ,  48.78 ,  -177.06 ,  -204.78 ,  -77.48 ,  -89.52 ,  -130.45 ,  */
/*91928,-14.64 ,  -150.51 ,  -110.44 ,  -102.63 ,  39.91 ,  -164.98 ,  -169.32 ,  -65.40 ,  -77.44 ,  -124.01 ,  */
/*91929,-13.03 ,  -152.12 ,  -99.16 ,  -122.77 ,  47.97 ,  -173.03 ,  -185.44 ,  -71.84 ,  -97.58 ,  -120.78 ,  */
/*91931,-29.95 ,  -156.15 ,  -112.06 ,  -67.97 ,  37.50 ,  -220.58 ,  -202.36 ,  -61.37 ,  -101.61 ,  -97.41 ,  */
/*91932,-28.34 ,  -156.15 ,  -96.74 ,  -100.21 ,  39.11 ,  -223.00 ,  -208.00 ,  -71.84 ,  -87.11 ,  -122.39 ,  */
/*91933,-14.64 ,  -131.17 ,  -106.41 ,  -106.66 ,  56.03 ,  -259.26 ,  -203.97 ,  -85.54 ,  -87.11 ,  -133.68 ,  */
/*91935,-45.27 ,  -138.42 ,  -109.64 ,  -109.07 ,  21.38 ,  -245.56 ,  -222.51 ,  -87.15 ,  -71.79 ,  -147.38 ,  */
/*91936,-17.87 ,  -133.59 ,  -121.73 ,  -101.82 ,  35.08 ,  -245.56 ,  -182.21 ,  -85.54 ,  -98.39 ,  -149.79 ,  */
/*91938,-11.42 ,  -136.01 ,  -99.97 ,  -129.22 ,  40.72 ,  -219.77 ,  -184.63 ,  -68.62 ,  -94.36 ,  -120.78 ,  */
/*91939,-19.48 ,  -132.78 ,  -105.61 ,  -105.04 ,  42.33 ,  -198.02 ,  -198.33 ,  -70.23 ,  -83.88 ,  -167.52 ,  */
/*91941,-6.58 ,  -131.17 ,  -70.15 ,  -121.97 ,  51.20 ,  -202.05 ,  -199.14 ,  -75.87 ,  -97.58 ,  -107.89 ,  */
/*91942,-5.78 ,  -111.02 ,  -92.71 ,  -130.03 ,  31.86 ,  -198.02 ,  -192.69 ,  -79.10 ,  -79.05 ,  -115.95 ,  */
/*91944,-15.45 ,  -135.20 ,  -88.68 ,  -96.99 ,  27.83 ,  -164.98 ,  -188.66 ,  -71.04 ,  -95.97 ,  -135.29 ,  */
/*91945,-13.03 ,  -136.01 ,  -86.27 ,  -83.29 ,  31.86 ,  -181.09 ,  -182.21 ,  -75.87 ,  -88.72 ,  -140.93 ,  */
/*91947,-17.06 ,  -135.20 ,  -109.64 ,  -105.04 ,  34.27 ,  -138.38 ,  -184.63 ,  -68.62 ,  -102.42 ,  -123.20 ,  */
/*91948,-31.57 ,  -148.09 ,  -88.68 ,  -99.40 ,  31.86 ,  -149.66 ,  -191.08 ,  -71.04 ,  -94.36 ,  -123.20 ,  */
/*91950,-23.51 ,  -173.07 ,  -121.73 ,  -88.12 ,  43.14 ,  -190.76 ,  -195.11 ,  -82.32 ,  -113.70 ,  -113.53 ,  */
/*91951,-7.39 ,  -162.60 ,  -108.83 ,  -105.85 ,  29.44 ,  -173.03 ,  -205.58 ,  -34.77 ,  -119.34 ,  -119.98 ,  */
/*91953,-28.34 ,  -149.70 ,  -139.45 ,  -91.34 ,  33.47 ,  -171.42 ,  -169.32 ,  -81.51 ,  -95.16 ,  -132.87 ,  */
/*91954,-21.09 ,  -173.88 ,  -118.50 ,  -96.99 ,  44.75 ,  -180.29 ,  -206.39 ,  -54.11 ,  -92.75 ,  -119.17 ,  */
/*91956,-33.18 ,  -154.54 ,  -99.97 ,  -110.68 ,  44.75 ,  -179.48 ,  -182.21 ,  -79.90 ,  -69.38 ,  -134.48 ,  */
/*91957,-25.12 ,  -124.72 ,  -108.03 ,  -115.52 ,  40.72 ,  -171.42 ,  -162.87 ,  -35.58 ,  -75.02 ,  -124.01 ,  */
/*91959,-37.21 ,  -160.18 ,  -106.41 ,  -132.44 ,  43.14 ,  -186.73 ,  -168.51 ,  -64.59 ,  -88.72 ,  -128.84 ,  */
/*91960,-22.70 ,  -152.12 ,  -120.11 ,  -106.66 ,  30.24 ,  -166.59 ,  -158.04 ,  -53.31 ,  -82.27 ,  -122.39 ,  */
/*91962,-23.51 ,  -150.51 ,  -113.67 ,  -92.96 ,  30.24 ,  -144.02 ,  -174.15 ,  -55.73 ,  -87.11 ,  -120.78 ,  */
/*91963,-15.45 ,  -135.20 ,  -102.38 ,  -133.25 ,  47.97 ,  -154.50 ,  -157.23 ,  -54.11 ,  -90.33 ,  -86.94 ,  */
/*91965,-17.87 ,  -158.57 ,  -102.38 ,  -137.28 ,  53.61 ,  -146.44 ,  -175.77 ,  -54.11 ,  -96.78 ,  -90.97 ,  */
/*91966,15.98 ,  -165.82 ,  -112.86 ,  -127.61 ,  48.78 ,  -147.25 ,  -181.41 ,  -35.58 ,  -100.00 ,  -106.28 ,  */
/*91968,-25.92 ,  -174.69 ,  -110.44 ,  -134.06 ,  35.08 ,  -156.92 ,  -175.77 ,  -49.28 ,  -82.27 ,  -130.45 ,  */n