/*72164,-75.24 ,  -187.43 ,  -178.61 ,  -169.51 ,  -38.34 ,  -151.57 ,  -197.46 ,  -70.81 ,  -99.15 ,  -137.24 ,  */
/*72165,-87.32 ,  -181.79 ,  -181.03 ,  -230.76 ,  -52.85 ,  -166.88 ,  -169.25 ,  -86.93 ,  -114.46 ,  -146.10 ,  */
/*72167,-84.10 ,  -179.38 ,  -188.28 ,  -250.10 ,  -23.03 ,  -177.35 ,  -184.57 ,  -79.68 ,  -98.34 ,  -120.32 ,  */
/*72168,-76.04 ,  -186.63 ,  -189.09 ,  -237.21 ,  -7.72 ,  -170.10 ,  -182.15 ,  -67.59 ,  -99.95 ,  -124.34 ,  */
/*72170,-78.46 ,  -182.60 ,  -209.23 ,  -210.61 ,  -13.36 ,  -196.69 ,  -183.76 ,  -72.42 ,  -94.31 ,  -114.67 ,  */
/*72171,-76.04 ,  -172.12 ,  -188.28 ,  -233.18 ,  -35.93 ,  -187.02 ,  -175.70 ,  -64.36 ,  -83.03 ,  -134.01 ,  */
/*72173,-70.40 ,  -177.76 ,  -188.28 ,  -211.42 ,  14.04 ,  -163.65 ,  -178.93 ,  -66.78 ,  -91.89 ,  -116.29 ,  */
/*72174,-67.98 ,  -168.90 ,  -159.27 ,  -197.72 ,  -19.81 ,  -166.07 ,  -192.63 ,  -59.53 ,  -85.45 ,  -97.75 ,  */
/*72176,-53.48 ,  -163.26 ,  -174.58 ,  -181.60 ,  -18.20 ,  -157.21 ,  -212.77 ,  -56.31 ,  -89.47 ,  -85.66 ,  */
/*72177,-63.95 ,  -169.71 ,  -173.78 ,  -197.72 ,  -19.00 ,  -161.24 ,  -224.05 ,  -54.69 ,  -95.12 ,  -85.66 ,  */
/*72179,-72.01 ,  -166.48 ,  -186.67 ,  -159.84 ,  -48.82 ,  -158.82 ,  -234.53 ,  -69.20 ,  -76.58 ,  -138.85 ,  */
/*72180,-75.24 ,  -180.99 ,  -184.25 ,  -185.63 ,  -50.43 ,  -187.02 ,  -239.36 ,  -70.81 ,  -86.25 ,  -137.24 ,  */
/*72182,-80.07 ,  -198.72 ,  -177.81 ,  -189.66 ,  -31.90 ,  -204.75 ,  -238.56 ,  -65.98 ,  -103.98 ,  -140.46 ,  */
/*72183,-80.88 ,  -210.81 ,  -174.58 ,  -191.27 ,  -47.21 ,  -193.47 ,  -220.83 ,  -64.36 ,  -100.76 ,  -121.93 ,  */
/*72185,-75.24 ,  -178.57 ,  -181.03 ,  -197.72 ,  -56.07 ,  -161.24 ,  -207.13 ,  -66.78 ,  -103.17 ,  -127.57 ,  */
/*72187,-78.46 ,  -173.74 ,  -189.09 ,  -209.81 ,  -35.93 ,  -206.36 ,  -211.97 ,  -66.78 ,  -91.09 ,  -122.73 ,  */
/*72188,-75.24 ,  -178.57 ,  -193.12 ,  -194.49 ,  -41.57 ,  -171.71 ,  -182.95 ,  -67.59 ,  -106.40 ,  -129.18 ,  */
/*72190,-75.24 ,  -152.78 ,  -190.70 ,  -200.94 ,  -29.48 ,  -153.98 ,  -194.24 ,  -34.55 ,  -109.62 ,  -116.29 ,  */
/*72191,-68.79 ,  -169.71 ,  -197.15 ,  -166.29 ,  -41.57 ,  -128.20 ,  -193.43 ,  -70.81 ,  -103.17 ,  -143.68 ,  */
/*72193,-77.65 ,  -147.14 ,  -171.36 ,  -177.57 ,  -32.70 ,  -152.37 ,  -175.70 ,  -82.09 ,  -93.50 ,  -127.57 ,  */
/*72194,-54.28 ,  -207.58 ,  -193.12 ,  -177.57 ,  -35.12 ,  -157.21 ,  -219.22 ,  -47.44 ,  -96.73 ,  -114.67 ,  */
/*72196,-77.65 ,  -182.60 ,  -201.18 ,  -179.99 ,  -30.28 ,  -157.21 ,  -169.25 ,  -57.92 ,  -91.89 ,  -111.45 ,  */
/*72197,-79.26 ,  -201.13 ,  -159.27 ,  -197.72 ,  -43.98 ,  -191.05 ,  -199.07 ,  -66.78 ,  -95.12 ,  -97.75 ,  */
/*72199,-96.99 ,  -201.94 ,  -160.08 ,  -198.52 ,  -25.45 ,  -194.28 ,  -180.54 ,  -78.06 ,  -100.76 ,  -110.64 ,  */
/*72200,-78.46 ,  -182.60 ,  -201.18 ,  -201.75 ,  -40.76 ,  -195.89 ,  -162.00 ,  -78.06 ,  -84.64 ,  -118.70 ,  */
/*72202,-92.96 ,  -203.55 ,  -193.92 ,  -198.52 ,  -37.54 ,  -198.31 ,  -211.97 ,  -50.66 ,  -99.15 ,  -124.34 ,  */
/*72203,-89.74 ,  -175.35 ,  -210.85 ,  -217.86 ,  -33.51 ,  -228.12 ,  -176.51 ,  -69.20 ,  -94.31 ,  -125.15 ,  */
/*72205,-83.29 ,  -203.55 ,  -193.92 ,  -198.52 ,  -25.45 ,  -210.39 ,  -207.13 ,  -60.33 ,  -91.09 ,  -122.73 ,  */
/*72206,-88.94 ,  -205.97 ,  -175.39 ,  -216.25 ,  -31.90 ,  -212.81 ,  -195.85 ,  -75.65 ,  -70.13 ,  -134.01 ,  */
/*72208,-91.35 ,  -205.97 ,  -195.53 ,  -207.39 ,  -30.28 ,  -195.08 ,  -203.91 ,  -60.33 ,  -103.98 ,  -121.12 ,  */
/*72209,-88.13 ,  -176.15 ,  -194.73 ,  -233.98 ,  -6.91 ,  -202.34 ,  -179.73 ,  -61.14 ,  -94.31 ,  -136.43 ,  */
/*72211,-70.40 ,  -186.63 ,  -171.36 ,  -206.58 ,  -33.51 ,  -192.67 ,  -178.12 ,  -63.56 ,  -90.28 ,  -116.29 ,  */
/*72212,-80.07 ,  -197.11 ,  -193.12 ,  -186.44 ,  -35.93 ,  -176.55 ,  -155.56 ,  -62.75 ,  -81.42 ,  -123.54 ,  */
/*72214,-80.88 ,  -201.13 ,  -199.56 ,  -196.91 ,  -26.25 ,  -154.79 ,  -223.25 ,  -65.98 ,  -99.15 ,  -119.51 ,  */
/*72215,-69.59 ,  -201.13 ,  -222.93 ,  -188.85 ,  -51.24 ,  -163.65 ,  -216.80 ,  -92.57 ,  -58.05 ,  -123.54 ,  */
/*72217,-89.74 ,  -185.02 ,  -215.68 ,  -213.03 ,  -33.51 ,  -166.07 ,  -210.35 ,  -65.17 ,  -97.53 ,  -129.18 ,  */
/*72218,-94.58 ,  -181.79 ,  -197.15 ,  -214.64 ,  -46.40 ,  -144.31 ,  -223.25 ,  -40.19 ,  -115.26 ,  -106.62 ,  */