/*120386,-27.70 ,  -169.75 ,  -250.97 ,  -153.53 ,  -93.83 ,  -141.11 ,  -160.89 ,  -119.13 ,  -127.02 ,  -136.17 ,  */
/*120387,-32.53 ,  -177.81 ,  -240.49 ,  -188.18 ,  -93.02 ,  -136.27 ,  -136.71 ,  -132.83 ,  -119.77 ,  -141.82 ,  */
/*120389,17.43 ,  -181.83 ,  -239.69 ,  -181.74 ,  -83.35 ,  -132.24 ,  -149.61 ,  -136.05 ,  -92.37 ,  -134.56 ,  */
/*120391,-30.92 ,  -172.16 ,  -233.24 ,  -209.14 ,  -64.01 ,  -129.02 ,  -164.11 ,  -120.74 ,  -117.35 ,  -145.84 ,  */
/*120392,-12.39 ,  -159.27 ,  -238.88 ,  -194.63 ,  -74.49 ,  -112.10 ,  -128.66 ,  -118.32 ,  -129.44 ,  -139.40 ,  */
/*120394,-16.42 ,  -163.30 ,  -240.49 ,  -190.60 ,  -75.29 ,  -137.08 ,  -153.64 ,  -123.16 ,  -100.43 ,  -129.73 ,  */
/*120395,-23.67 ,  -143.15 ,  -217.12 ,  -190.60 ,  -75.29 ,  -141.11 ,  -164.92 ,  -110.27 ,  -124.60 ,  -119.25 ,  */
/*120397,-33.34 ,  -127.04 ,  -230.82 ,  -193.02 ,  -93.02 ,  -135.47 ,  -148.80 ,  -85.28 ,  -134.27 ,  -121.67 ,  */
/*120398,-22.86 ,  -156.05 ,  -234.05 ,  -168.04 ,  -84.16 ,  -120.96 ,  -148.80 ,  -117.52 ,  -118.16 ,  -100.72 ,  */
/*120400,-24.47 ,  -172.16 ,  -226.79 ,  -180.93 ,  -84.16 ,  -129.02 ,  -159.28 ,  -123.97 ,  -118.96 ,  -139.40 ,  */
/*120401,-15.61 ,  -163.30 ,  -251.78 ,  -160.79 ,  -84.16 ,  -108.87 ,  -151.22 ,  -128.80 ,  -126.21 ,  -136.17 ,  */
/*120403,4.54 ,  -159.27 ,  -238.08 ,  -190.60 ,  -84.16 ,  -141.11 ,  -141.55 ,  -122.35 ,  -86.73 ,  -121.67 ,  */
/*120404,20.65 ,  -172.16 ,  -219.54 ,  -194.63 ,  -77.71 ,  -132.24 ,  -141.55 ,  -148.95 ,  -123.80 ,  -118.45 ,  */
/*120406,-12.39 ,  -181.83 ,  -237.27 ,  -180.13 ,  -76.90 ,  -128.21 ,  -142.36 ,  -111.88 ,  -121.38 ,  -107.16 ,  */
/*120407,-15.61 ,  -165.72 ,  -235.66 ,  -142.25 ,  -97.05 ,  -117.74 ,  -155.25 ,  -119.13 ,  -111.71 ,  -147.46 ,  */
/*120409,-18.03 ,  -156.05 ,  -256.61 ,  -186.57 ,  -56.76 ,  -117.74 ,  -159.28 ,  -118.32 ,  -110.90 ,  -132.95 ,  */
/*120410,-14.80 ,  -153.63 ,  -257.42 ,  -184.96 ,  -75.29 ,  -129.02 ,  -171.37 ,  -90.12 ,  -130.24 ,  -128.12 ,  */
/*120412,-8.36 ,  -165.72 ,  -232.43 ,  -179.32 ,  -45.47 ,  -145.94 ,  -135.10 ,  -107.04 ,  -118.96 ,  -117.64 ,  */
/*120413,-23.67 ,  -126.23 ,  -230.82 ,  -199.47 ,  -77.71 ,  -130.63 ,  -143.97 ,  -91.73 ,  -135.08 ,  -121.67 ,  */
/*120415,-15.61 ,  -177.00 ,  -248.55 ,  -168.04 ,  -72.87 ,  -138.69 ,  -158.47 ,  -110.27 ,  -122.99 ,  -75.73 ,  */
/*120417,-4.33 ,  -160.08 ,  -234.05 ,  -189.80 ,  -93.02 ,  -133.85 ,  -136.71 ,  -89.31 ,  -112.51 ,  -130.53 ,  */
/*120418,-11.58 ,  -145.57 ,  -245.33 ,  -208.33 ,  -82.54 ,  -134.66 ,  -129.46 ,  -133.64 ,  -126.21 ,  -128.92 ,  */
/*120420,-14.80 ,  -123.81 ,  -248.55 ,  -178.51 ,  -97.05 ,  -134.66 ,  -135.10 ,  -84.48 ,  -118.16 ,  -119.25 ,  */
/*120421,-28.50 ,  -168.13 ,  -255.80 ,  -212.36 ,  -74.49 ,  -125.79 ,  -148.80 ,  -124.77 ,  -136.69 ,  -128.92 ,  */
/*120423,-31.73 ,  -139.93 ,  -221.96 ,  -203.50 ,  -92.21 ,  -146.75 ,  -119.79 ,  -116.71 ,  -124.60 ,  -125.70 ,  */
/*120424,-22.06 ,  -158.46 ,  -241.30 ,  -211.55 ,  -88.99 ,  -145.94 ,  -147.19 ,  -115.10 ,  -129.44 ,  -128.92 ,  */
/*120426,-30.12 ,  -177.00 ,  -233.24 ,  -191.41 ,  -84.16 ,  -128.21 ,  -153.64 ,  -111.88 ,  -131.05 ,  -124.09 ,  */
/*120427,-20.44 ,  -158.46 ,  -225.99 ,  -188.99 ,  -76.10 ,  -145.94 ,  -113.34 ,  -130.41 ,  -131.05 ,  -109.58 ,  */
/*120429,-18.83 ,  -171.36 ,  -238.88 ,  -203.50 ,  -102.69 ,  -124.18 ,  -164.92 ,  -114.30 ,  -118.16 ,  -133.76 ,  */
/*120430,-14.80 ,  -194.73 ,  -263.86 ,  -200.27 ,  -77.71 ,  -146.75 ,  -152.83 ,  -146.53 ,  -159.25 ,  -132.95 ,  */
/*120432,-25.28 ,  -182.64 ,  -262.25 ,  -213.17 ,  -61.59 ,  -150.78 ,  -152.83 ,  -133.64 ,  -122.99 ,  -139.40 ,  */
/*120433,-36.56 ,  -168.13 ,  -256.61 ,  -225.25 ,  -46.28 ,  -143.52 ,  -169.75 ,  -113.49 ,  -127.83 ,  -139.40 ,  */
/*120435,-14.00 ,  -162.49 ,  -243.72 ,  -194.63 ,  -64.82 ,  -145.14 ,  -151.22 ,  -115.10 ,  -126.21 ,  -116.03 ,  */
/*120436,-18.83 ,  -148.79 ,  -234.85 ,  -182.54 ,  -92.21 ,  -133.05 ,  -138.33 ,  -107.85 ,  -118.96 ,  -122.47 ,  */
/*120438,-14.80 ,  -143.15 ,  -253.39 ,  -135.80 ,  -93.83 ,  -125.79 ,  -147.19 ,  -123.97 ,  -121.38 ,  -139.40 ,  */
/*120439,-7.55 ,  -165.72 ,  -241.30 ,  -197.05 ,  -88.19 ,  -133.85 ,  -160.89 ,  -123.16 ,  -96.40 ,  -110.39 ,  */
/*120441,20.65 ,  -160.08 ,  -257.42 ,  -180.13 ,  -72.87 ,  -131.44 ,  -163.31 ,  -111.88 ,  -89.95 ,  -131.34 ,  */