/*120453,-21.66 ,  -263.90 ,  -234.11 ,  -137.99 ,  -93.03 ,  -112.93 ,  -129.62 ,  -106.52 ,  -117.73 ,  -104.90 ,  */
/*120454,-18.44 ,  -284.05 ,  -242.98 ,  -180.70 ,  -78.52 ,  -108.10 ,  -132.04 ,  -112.97 ,  -145.13 ,  -97.65 ,  */
/*120456,-27.30 ,  -275.19 ,  -226.05 ,  -183.92 ,  -81.75 ,  -101.65 ,  -134.46 ,  -129.08 ,  -140.29 ,  -108.93 ,  */
/*120457,-32.94 ,  -267.13 ,  -236.53 ,  -187.95 ,  -77.72 ,  -70.22 ,  -148.96 ,  -125.05 ,  -120.15 ,  -121.82 ,  */
/*120459,-33.75 ,  -270.35 ,  -222.02 ,  -200.04 ,  -78.52 ,  -112.13 ,  -140.90 ,  -125.05 ,  -127.40 ,  -110.54 ,  */
/*120460,-5.54 ,  -275.19 ,  -251.03 ,  -182.31 ,  -84.16 ,  -112.13 ,  -140.10 ,  -87.98 ,  -108.86 ,  -100.87 ,  */
/*120462,-25.69 ,  -284.86 ,  -243.78 ,  -194.40 ,  -43.06 ,  -111.32 ,  -155.41 ,  -117.80 ,  -122.56 ,  -109.73 ,  */
/*120463,-11.99 ,  -275.19 ,  -252.65 ,  -187.15 ,  -86.58 ,  -108.10 ,  -151.38 ,  -91.21 ,  -121.76 ,  -115.38 ,  */
/*120465,-23.27 ,  -280.83 ,  -249.42 ,  -196.01 ,  -73.69 ,  -113.74 ,  -165.08 ,  -106.52 ,  -129.82 ,  -116.18 ,  */
/*120466,0.10 ,  -277.60 ,  -244.59 ,  -193.59 ,  -78.52 ,  -123.41 ,  -132.85 ,  -129.89 ,  -117.73 ,  -136.33 ,  */
/*120468,-29.72 ,  -288.08 ,  -245.39 ,  -203.26 ,  -47.90 ,  -120.99 ,  -169.92 ,  -109.74 ,  -125.79 ,  -133.91 ,  */
/*120469,-24.89 ,  -279.21 ,  -250.23 ,  -198.43 ,  -77.72 ,  -117.77 ,  -162.66 ,  -100.07 ,  -124.17 ,  -131.49 ,  */
/*120471,-30.53 ,  -269.54 ,  -245.39 ,  -203.26 ,  -80.13 ,  -121.80 ,  -177.97 ,  -82.34 ,  -137.87 ,  -114.57 ,  */
/*120472,-16.83 ,  -279.21 ,  -265.54 ,  -203.26 ,  -76.91 ,  -126.63 ,  -145.74 ,  -128.28 ,  -138.68 ,  -112.15 ,  */
/*120474,13.80 ,  -284.05 ,  -255.87 ,  -182.31 ,  -58.38 ,  -90.37 ,  -156.22 ,  -111.35 ,  -127.40 ,  -121.02 ,  */
/*120475,-31.33 ,  -263.90 ,  -231.69 ,  -212.93 ,  -86.58 ,  -112.93 ,  -134.46 ,  -119.41 ,  -136.26 ,  -121.82 ,  */
/*120477,-22.47 ,  -269.54 ,  -262.32 ,  -193.59 ,  -78.52 ,  -110.52 ,  -149.77 ,  -119.41 ,  -129.01 ,  -97.65 ,  */
/*120478,-26.50 ,  -259.07 ,  -243.78 ,  -187.95 ,  -80.13 ,  -112.93 ,  -149.77 ,  -122.64 ,  -100.81 ,  -131.49 ,  */
/*120480,-31.33 ,  -239.73 ,  -243.78 ,  -187.95 ,  -81.75 ,  -120.19 ,  -117.53 ,  -128.28 ,  -122.56 ,  -123.43 ,  */
/*120482,-2.32 ,  -263.10 ,  -247.00 ,  -198.43 ,  -74.49 ,  -113.74 ,  -161.05 ,  -121.02 ,  -97.58 ,  -104.09 ,  */
/*120483,-28.11 ,  -269.54 ,  -234.11 ,  -201.65 ,  -86.58 ,  -125.02 ,  -134.46 ,  -120.22 ,  -91.13 ,  -108.12 ,  */
/*120485,-25.69 ,  -268.74 ,  -241.36 ,  -178.28 ,  -75.30 ,  -112.13 ,  -140.10 ,  -115.38 ,  -112.89 ,  -121.02 ,  */
/*120486,-31.33 ,  -270.35 ,  -238.14 ,  -188.76 ,  -89.81 ,  -112.93 ,  -152.19 ,  -78.31 ,  -133.04 ,  -106.51 ,  */
/*120488,-11.99 ,  -272.77 ,  -247.81 ,  -164.58 ,  -75.30 ,  -127.44 ,  -131.23 ,  -100.07 ,  -116.92 ,  -75.08 ,  */
/*120489,12.99 ,  -259.07 ,  -230.89 ,  -182.31 ,  -89.00 ,  -109.71 ,  -142.52 ,  -110.55 ,  -107.25 ,  -110.54 ,  */
/*120491,-32.14 ,  -254.23 ,  -251.84 ,  -155.72 ,  -97.86 ,  -120.99 ,  -142.52 ,  -104.10 ,  -119.34 ,  -116.99 ,  */
/*120492,-22.47 ,  -280.83 ,  -247.81 ,  -188.76 ,  -57.57 ,  -117.77 ,  -136.07 ,  -132.31 ,  -123.37 ,  -129.88 ,  */
/*120494,-26.50 ,  -260.68 ,  -255.87 ,  -187.95 ,  -93.03 ,  -79.89 ,  -153.80 ,  -109.74 ,  -117.73 ,  -121.82 ,  */
/*120495,-24.89 ,  -262.29 ,  -271.99 ,  -155.72 ,  -80.13 ,  -129.86 ,  -128.01 ,  -100.07 ,  -133.04 ,  -87.98 ,  */
/*120497,-15.21 ,  -268.74 ,  -248.62 ,  -182.31 ,  -82.55 ,  -109.71 ,  -138.49 ,  -81.54 ,  -113.70 ,  -103.29 ,  */
/*120498,-17.63 ,  -272.77 ,  -239.75 ,  -205.68 ,  -68.05 ,  -103.26 ,  -128.01 ,  -90.40 ,  -118.53 ,  -116.99 ,  */
/*120500,-32.14 ,  -275.99 ,  -235.72 ,  -186.34 ,  -84.16 ,  -106.49 ,  -139.29 ,  -117.80 ,  -119.34 ,  -87.17 ,  */
/*120501,-21.66 ,  -268.74 ,  -238.95 ,  -158.94 ,  -69.66 ,  -112.93 ,  -149.77 ,  -112.97 ,  -109.67 ,  -120.21 ,  */
/*120503,-28.11 ,  -267.13 ,  -238.95 ,  -182.31 ,  -78.52 ,  -108.90 ,  -145.74 ,  -124.25 ,  -87.91 ,  -107.32 ,  */
/*120504,-17.63 ,  -269.54 ,  -234.11 ,  -187.15 ,  -90.61 ,  -115.35 ,  -142.52 ,  -119.41 ,  -136.26 ,  -106.51 ,  */
/*120506,-9.57 ,  -273.57 ,  -248.62 ,  -195.20 ,  -47.90 ,  -140.33 ,  -136.07 ,  -116.99 ,  -116.92 ,  -109.73 ,  */
/*120508,-3.93 ,  -267.13 ,  -227.66 ,  -197.62 ,  -81.75 ,  -116.16 ,  -155.41 ,  -126.67 ,  -142.71 ,  -120.21 ,  */