/*131210,-86.44 ,  -273.95 ,  -232.62 ,  -165.87 ,  -22.96 ,  -113.25 ,  -149.91 ,  -97.20 ,  -86.23 ,  -83.11 ,  */
/*131212,-95.31 ,  -226.41 ,  -239.07 ,  -186.02 ,  -29.41 ,  -120.50 ,  -128.16 ,  -65.77 ,  -80.59 ,  -116.15 ,  */
/*131213,-92.09 ,  -236.88 ,  -240.68 ,  -173.12 ,  6.05 ,  -118.08 ,  -134.60 ,  -75.44 ,  -83.81 ,  -118.57 ,  */
/*131215,-100.14 ,  -227.21 ,  -205.22 ,  -193.27 ,  -14.90 ,  -142.26 ,  -137.83 ,  -88.34 ,  -89.45 ,  -117.76 ,  */
/*131216,-109.81 ,  -219.15 ,  -214.09 ,  -200.52 ,  -19.74 ,  -125.34 ,  -148.30 ,  -33.54 ,  -81.39 ,  -105.67 ,  */
/*131218,-96.92 ,  -247.36 ,  -239.87 ,  -152.98 ,  -26.18 ,  -113.25 ,  -137.83 ,  -71.42 ,  -75.75 ,  -70.21 ,  */
/*131219,-92.09 ,  -229.63 ,  -247.13 ,  -168.29 ,  -44.72 ,  -126.95 ,  -146.69 ,  -52.07 ,  -94.29 ,  -96.00 ,  */
/*131221,-104.17 ,  -199.81 ,  -284.19 ,  -174.73 ,  -31.82 ,  -114.86 ,  -147.50 ,  -85.92 ,  -61.25 ,  -116.15 ,  */
/*131222,-102.56 ,  -215.93 ,  -288.22 ,  -194.88 ,  1.22 ,  -115.66 ,  -151.53 ,  -81.09 ,  -88.64 ,  -141.13 ,  */
/*131224,-74.36 ,  -248.16 ,  -281.78 ,  -156.20 ,  -39.88 ,  -123.72 ,  -156.36 ,  -48.85 ,  -95.90 ,  -113.73 ,  */
/*131226,-91.28 ,  -256.22 ,  -284.19 ,  -168.29 ,  -42.30 ,  -90.68 ,  -133.80 ,  -60.94 ,  -92.67 ,  -103.26 ,  */
/*131227,-93.70 ,  -246.55 ,  -184.27 ,  -189.24 ,  -22.15 ,  -110.83 ,  -145.08 ,  -74.64 ,  -81.39 ,  -104.87 ,  */
/*131229,-100.95 ,  -287.65 ,  -202.80 ,  -194.88 ,  -23.76 ,  -121.31 ,  -169.25 ,  -39.18 ,  -83.81 ,  -102.45 ,  */
/*131230,-99.34 ,  -277.18 ,  -227.78 ,  -137.66 ,  -51.97 ,  -113.25 ,  -135.41 ,  -73.83 ,  -77.36 ,  -120.98 ,  */
/*131232,-109.01 ,  -236.08 ,  -206.03 ,  -185.21 ,  -32.63 ,  -97.94 ,  -149.91 ,  -73.03 ,  -87.03 ,  -108.90 ,  */
/*131233,-111.43 ,  -209.48 ,  -247.93 ,  -194.88 ,  -27.79 ,  -126.95 ,  -166.03 ,  -39.99 ,  -106.37 ,  -113.73 ,  */
/*131235,-100.14 ,  -227.21 ,  -288.22 ,  -165.87 ,  -33.43 ,  -135.81 ,  -147.50 ,  -73.83 ,  -103.96 ,  -87.14 ,  */
/*131236,-104.98 ,  -208.68 ,  -299.51 ,  -169.09 ,  -14.09 ,  -137.42 ,  -149.91 ,  -81.89 ,  -95.09 ,  -108.90 ,  */
/*131238,-104.17 ,  -249.78 ,  -290.64 ,  -152.98 ,  -42.30 ,  -126.95 ,  -140.24 ,  -79.47 ,  -102.34 ,  -103.26 ,  */
/*131239,-106.59 ,  -218.35 ,  -296.28 ,  -184.41 ,  -42.30 ,  -118.08 ,  -138.63 ,  -83.50 ,  -108.79 ,  -109.70 ,  */
/*131241,-71.94 ,  -247.36 ,  -214.89 ,  -172.32 ,  -38.27 ,  -120.50 ,  -163.61 ,  -45.63 ,  -101.54 ,  -112.93 ,  */
/*131242,-104.17 ,  -261.86 ,  -268.08 ,  -169.90 ,  -33.43 ,  -121.31 ,  -134.60 ,  -85.12 ,  -100.73 ,  -96.81 ,  */
/*131244,-88.86 ,  -276.37 ,  -243.10 ,  -178.76 ,  -28.60 ,  -126.95 ,  -166.03 ,  -33.54 ,  -77.36 ,  -112.12 ,  */
/*131245,-100.14 ,  -311.83 ,  -239.07 ,  -181.18 ,  -39.08 ,  -110.02 ,  -137.83 ,  -74.64 ,  -85.42 ,  -109.70 ,  */
/*131247,-117.87 ,  -239.30 ,  -247.93 ,  -191.66 ,  -15.71 ,  -116.47 ,  -144.27 ,  -77.06 ,  -95.90 ,  -129.04 ,  */
/*131248,-106.59 ,  -219.15 ,  -225.37 ,  -177.96 ,  -33.43 ,  -138.23 ,  -127.35 ,  -65.77 ,  -107.18 ,  -104.06 ,  */
/*131250,-100.14 ,  -217.54 ,  -260.83 ,  -204.55 ,  -18.93 ,  -126.14 ,  -128.16 ,  -72.22 ,  -99.12 ,  -121.79 ,  */
/*131251,-96.92 ,  -199.01 ,  -268.08 ,  -198.91 ,  -1.20 ,  -143.06 ,  -140.24 ,  -76.25 ,  -93.48 ,  -100.84 ,  */
/*131253,-92.09 ,  -261.06 ,  -249.54 ,  -195.69 ,  -33.43 ,  -119.69 ,  -132.19 ,  -75.44 ,  -84.62 ,  -104.06 ,  */
/*131254,-89.67 ,  -318.27 ,  -264.05 ,  -152.98 ,  -38.27 ,  -132.59 ,  -155.56 ,  -66.58 ,  -105.57 ,  -91.97 ,  */
/*131256,-95.31 ,  -285.23 ,  -226.98 ,  -170.71 ,  -32.63 ,  -139.84 ,  -111.23 ,  -70.61 ,  -87.03 ,  -100.84 ,  */
/*131258,-85.64 ,  -255.42 ,  -226.98 ,  -185.21 ,  -14.90 ,  -114.86 ,  -158.78 ,  -71.42 ,  -78.97 ,  -96.81 ,  */
/*131259,-97.73 ,  -237.69 ,  -207.64 ,  -181.18 ,  -30.21 ,  -118.08 ,  -138.63 ,  -41.60 ,  -112.82 ,  -90.36 ,  */
/*131261,-109.01 ,  -202.23 ,  -228.59 ,  -165.06 ,  -5.23 ,  -121.31 ,  -139.44 ,  -64.97 ,  -91.87 ,  -104.06 ,  */
/*131262,-98.53 ,  -203.04 ,  -260.83 ,  -190.85 ,  -7.65 ,  -120.50 ,  -140.24 ,  -72.22 ,  -78.97 ,  -121.79 ,  */
/*131264,-88.06 ,  -252.19 ,  -203.61 ,  -213.42 ,  -32.63 ,  -128.56 ,  -137.02 ,  -67.39 ,  -76.56 ,  -91.97 ,  */
/*131265,-105.79 ,  -283.62 ,  -243.10 ,  -189.24 ,  -29.41 ,  -121.31 ,  -154.75 ,  -43.21 ,  -103.15 ,  -112.12 ,  */