/*118649,-163.40 ,  -378.75 ,  -284.61 ,  -190.48 ,  -31.46 ,  -141.26 ,  -134.65 ,  -74.20 ,  -110.76 ,  -83.50 ,  */
/*118650,-165.82 ,  -369.89 ,  -285.42 ,  -204.18 ,  17.70 ,  -129.17 ,  -132.23 ,  -46.00 ,  -97.06 ,  -125.40 ,  */
/*118652,-159.38 ,  -385.20 ,  -273.33 ,  -205.79 ,  -31.46 ,  -127.56 ,  -166.89 ,  -54.06 ,  -113.17 ,  -113.31 ,  */
/*118653,-178.72 ,  -336.04 ,  -277.36 ,  -221.91 ,  -37.91 ,  -107.41 ,  -125.79 ,  -90.32 ,  -102.70 ,  -106.87 ,  */
/*118655,-160.18 ,  -362.64 ,  -275.75 ,  -208.21 ,  -43.55 ,  -114.67 ,  -146.74 ,  -86.29 ,  -102.70 ,  -122.18 ,  */
/*118656,-158.57 ,  -353.77 ,  -269.30 ,  -208.21 ,  -45.16 ,  -146.90 ,  -129.01 ,  -89.51 ,  -103.50 ,  -116.54 ,  */
/*118658,-162.60 ,  -365.86 ,  -276.56 ,  -223.52 ,  -13.73 ,  -135.62 ,  -134.65 ,  -73.40 ,  -106.73 ,  -129.43 ,  */
/*118659,-171.46 ,  -363.44 ,  -273.33 ,  -221.91 ,  -34.68 ,  -146.09 ,  -116.92 ,  -98.38 ,  -93.03 ,  -111.70 ,  */
/*118661,-170.66 ,  -370.70 ,  -262.05 ,  -191.29 ,  -35.49 ,  -119.50 ,  -152.38 ,  -71.79 ,  -103.50 ,  -111.70 ,  */
/*118662,-172.27 ,  -362.64 ,  -259.63 ,  -194.51 ,  -21.79 ,  -121.11 ,  -139.49 ,  -80.65 ,  -118.01 ,  -99.61 ,  */
/*118664,-165.02 ,  -362.64 ,  -265.27 ,  -212.24 ,  -11.31 ,  -119.50 ,  -134.65 ,  -87.10 ,  -93.03 ,  -112.51 ,  */
/*118665,-169.05 ,  -364.25 ,  -257.21 ,  -161.47 ,  -36.30 ,  -109.02 ,  -147.54 ,  -62.12 ,  -93.03 ,  -109.28 ,  */
/*118667,-119.89 ,  -354.58 ,  -283.81 ,  -203.38 ,  -31.46 ,  -123.53 ,  -124.18 ,  -65.34 ,  -61.60 ,  -121.37 ,  */
/*118668,-167.43 ,  -353.77 ,  -264.47 ,  -188.87 ,  -36.30 ,  -111.44 ,  -105.64 ,  -75.01 ,  -83.36 ,  -114.12 ,  */
/*118670,-134.39 ,  -363.44 ,  -262.86 ,  -199.35 ,  -21.79 ,  -111.44 ,  -141.90 ,  -79.04 ,  -94.64 ,  -92.36 ,  */
/*118672,-119.89 ,  -353.77 ,  -265.27 ,  -196.93 ,  -16.96 ,  -114.67 ,  -123.37 ,  -96.77 ,  -72.88 ,  -110.89 ,  */
/*118673,-153.73 ,  -366.67 ,  -264.47 ,  -192.90 ,  -12.93 ,  -110.64 ,  -153.19 ,  -39.55 ,  -86.58 ,  -114.12 ,  */
/*118675,-152.12 ,  -357.00 ,  -271.72 ,  -180.01 ,  -23.40 ,  -103.38 ,  -124.18 ,  -65.34 ,  -97.06 ,  -103.64 ,  */
/*118676,-154.54 ,  -357.00 ,  -242.71 ,  -185.65 ,  -29.04 ,  -109.83 ,  -129.01 ,  -75.82 ,  -101.89 ,  -103.64 ,  */
/*118678,-161.79 ,  -354.58 ,  -262.05 ,  -192.90 ,  -46.77 ,  -87.27 ,  -145.13 ,  -66.95 ,  -101.89 ,  -103.64 ,  */
/*118679,-159.38 ,  -373.11 ,  -268.50 ,  -201.76 ,  -22.60 ,  -119.50 ,  -148.35 ,  -66.95 ,  -101.09 ,  -103.64 ,  */
/*118681,-148.90 ,  -357.00 ,  -266.89 ,  -203.38 ,  -41.13 ,  -140.45 ,  -116.92 ,  -70.17 ,  -97.86 ,  -109.28 ,  */
/*118682,-160.99 ,  -360.22 ,  -266.89 ,  -200.15 ,  -28.24 ,  -115.47 ,  -145.93 ,  -46.80 ,  -91.42 ,  -119.76 ,  */
/*118684,-159.38 ,  -313.48 ,  -262.05 ,  -205.79 ,  -27.43 ,  -100.16 ,  -145.13 ,  -71.79 ,  -107.53 ,  -98.81 ,  */
/*118685,-123.92 ,  -370.70 ,  -278.17 ,  -205.79 ,  -33.07 ,  -119.50 ,  -141.10 ,  -92.74 ,  -103.50 ,  -95.58 ,  */
/*118687,-156.96 ,  -375.53 ,  -266.08 ,  -201.76 ,  -40.32 ,  -138.84 ,  -129.82 ,  -71.79 ,  -97.86 ,  -108.48 ,  */
/*118688,-161.79 ,  -348.94 ,  -280.58 ,  -206.60 ,  -12.93 ,  -113.86 ,  -144.32 ,  -65.34 ,  -101.09 ,  -108.48 ,  */
/*118690,-157.76 ,  -334.43 ,  -265.27 ,  -209.02 ,  -30.65 ,  -145.29 ,  -100.81 ,  -69.37 ,  -103.50 ,  -114.12 ,  */
/*118691,-152.93 ,  -377.14 ,  -280.58 ,  -198.54 ,  -37.10 ,  -116.28 ,  -141.10 ,  -53.25 ,  -113.98 ,  -98.81 ,  */
/*118693,-183.55 ,  -375.53 ,  -262.05 ,  -200.15 ,  -32.27 ,  -133.20 ,  -135.46 ,  -82.26 ,  -109.95 ,  -104.45 ,  */
/*118694,-169.85 ,  -356.19 ,  -276.56 ,  -213.05 ,  -33.88 ,  -109.02 ,  -160.44 ,  -75.82 ,  -105.92 ,  -110.09 ,  */
/*118696,-168.24 ,  -372.31 ,  -245.13 ,  -218.69 ,  -26.63 ,  -132.39 ,  -146.74 ,  -90.32 ,  -103.50 ,  -97.20 ,  */
/*118697,-165.02 ,  -367.47 ,  -272.53 ,  -207.40 ,  -50.00 ,  -94.52 ,  -145.13 ,  -81.46 ,  -100.28 ,  -112.51 ,  */
/*118699,-160.99 ,  -376.34 ,  -271.72 ,  -209.02 ,  -31.46 ,  -113.05 ,  -149.16 ,  -71.79 ,  -102.70 ,  -114.92 ,  */
/*118701,-159.38 ,  -389.23 ,  -278.17 ,  -201.76 ,  -30.65 ,  -117.89 ,  -158.83 ,  -61.31 ,  -105.92 ,  -98.81 ,  */
/*118702,-165.02 ,  -361.03 ,  -279.78 ,  -204.18 ,  -44.35 ,  -121.11 ,  -149.16 ,  -87.10 ,  -97.86 ,  -109.28 ,  */
/*118704,-155.35 ,  -336.85 ,  -276.56 ,  -204.18 ,  -24.21 ,  -138.84 ,  -133.04 ,  -77.43 ,  -90.61 ,  -108.48 ,  */